service_id,exception_type,date
10,2,20260320
10,2,20260321
1000,2,20260314
101,1,20260228
101,1,20260301
105,1,20260301
105,1,20260315
105,2,20260304
105,2,20260305
105,2,20260306
105,2,20260316
105,2,20260317
105,2,20260321
105,2,20260328
106,2,20260307
106,2,20260308
108,1,20260228
108,1,20260319
109,1,20260306
111,2,20260321
111,2,20260322
113,1,20260314
113,2,20260315
115,1,20260325
115,1,20260326
115,1,20260327
115,1,20260330
116,1,20260228
116,2,20260311
116,2,20260312
118,1,20260326
118,1,20260327
118,1,20260330
12,1,20260319
120,1,20260305
120,1,20260322
120,1,20260324
120,1,20260325
122,2,20260314
122,2,20260315
123,1,20260228
124,1,20260308
124,1,20260310
124,1,20260315
124,1,20260318
126,1,20260302
126,1,20260304
126,1,20260315
126,1,20260321
126,1,20260322
128,1,20260307
128,1,20260316
128,1,20260317
128,1,20260318
128,1,20260322
13,1,20260312
13,1,20260313
13,1,20260321
13,1,20260330
13,2,20260307
133,1,20260308
133,1,20260309
133,1,20260315
133,1,20260316
133,2,20260320
133,2,20260321
134,1,20260228
134,1,20260329
136,1,20260329
138,1,20260320
138,1,20260327
138,2,20260305
139,2,20260325
14,1,20260320
14,1,20260324
14,2,20260316
14,2,20260319
141,1,20260228
141,1,20260329
142,2,20260309
142,2,20260310
142,2,20260312
146,1,20260302
146,1,20260306
146,1,20260307
146,1,20260325
147,1,20260316
148,1,20260305
15,2,20260307
15,2,20260308
15,2,20260316
151,2,20260307
151,2,20260308
151,2,20260309
153,1,20260330
154,1,20260308
156,1,20260228
156,1,20260301
156,1,20260302
156,1,20260303
156,1,20260304
156,1,20260305
156,1,20260306
156,1,20260321
156,1,20260322
156,1,20260323
156,1,20260324
156,1,20260325
156,1,20260326
156,1,20260327
160,1,20260302
160,1,20260309
161,2,20260308
161,2,20260322
162,1,20260310
163,2,20260306
163,2,20260308
164,1,20260322
165,1,20260313
166,1,20260324
167,1,20260228
167,1,20260313
168,1,20260328
168,1,20260329
17,1,20260228
17,1,20260307
17,1,20260308
17,1,20260309
17,1,20260310
17,1,20260311
17,1,20260312
17,1,20260313
171,1,20260315
171,1,20260316
171,1,20260326
175,2,20260320
175,2,20260321
175,2,20260322
177,2,20260308
178,2,20260301
178,2,20260302
178,2,20260303
179,1,20260303
179,1,20260329
18,1,20260310
18,1,20260330
18,2,20260318
18,2,20260319
18,2,20260320
18,2,20260321
18,2,20260322
182,1,20260302
182,1,20260308
182,1,20260312
183,1,20260228
183,1,20260301
183,1,20260322
184,1,20260309
186,1,20260306
186,1,20260308
187,2,20260307
189,1,20260330
190,1,20260228
190,1,20260303
192,2,20260321
193,1,20260315
193,1,20260325
193,1,20260327
193,1,20260328
193,1,20260329
194,1,20260308
196,2,20260307
196,2,20260308
197,1,20260325
197,1,20260326
197,1,20260327
197,1,20260328
197,1,20260329
197,1,20260330
199,2,20260303
199,2,20260311
2,2,20260314
203,1,20260301
205,1,20260312
205,2,20260303
205,2,20260304
205,2,20260308
207,2,20260321
209,2,20260321
209,2,20260322
210,2,20260301
213,2,20260312
214,1,20260323
214,1,20260324
214,1,20260325
215,1,20260315
215,1,20260329
215,2,20260307
216,1,20260228
216,1,20260301
216,1,20260308
216,1,20260309
216,1,20260310
216,1,20260311
216,1,20260313
217,2,20260309
217,2,20260310
217,2,20260320
217,2,20260321
217,2,20260322
217,2,20260323
218,1,20260310
22,1,20260325
22,1,20260326
22,1,20260327
22,1,20260328
22,1,20260330
220,1,20260302
220,1,20260312
221,1,20260308
224,1,20260330
225,1,20260301
225,1,20260329
226,1,20260301
226,1,20260315
226,2,20260307
226,2,20260321
228,1,20260308
228,1,20260328
229,1,20260228
229,1,20260318
23,1,20260325
231,1,20260323
232,1,20260308
232,2,20260305
234,2,20260314
234,2,20260315
234,2,20260316
235,1,20260301
235,1,20260311
235,2,20260314
236,2,20260321
236,2,20260322
237,1,20260319
237,1,20260320
237,1,20260323
237,1,20260324
237,1,20260325
237,1,20260326
237,1,20260327
237,1,20260330
238,2,20260322
24,1,20260325
240,1,20260320
240,1,20260327
240,2,20260305
240,2,20260314
240,2,20260321
241,2,20260329
242,2,20260309
242,2,20260310
242,2,20260311
242,2,20260312
244,1,20260324
244,1,20260325
244,2,20260309
244,2,20260319
244,2,20260328
245,1,20260228
245,1,20260308
245,1,20260322
246,1,20260305
248,1,20260308
248,1,20260319
249,1,20260303
25,1,20260312
251,1,20260313
252,2,20260314
252,2,20260315
252,2,20260316
255,2,20260302
255,2,20260303
257,1,20260307
257,1,20260308
258,1,20260314
258,1,20260315
258,1,20260328
258,1,20260329
258,2,20260309
26,1,20260313
26,2,20260307
26,2,20260308
260,1,20260320
265,1,20260319
265,2,20260311
265,2,20260327
265,2,20260328
266,1,20260304
268,2,20260307
268,2,20260308
269,1,20260314
269,1,20260320
269,1,20260324
269,1,20260325
269,1,20260326
269,2,20260322
269,2,20260323
27,2,20260303
270,1,20260314
270,1,20260315
270,1,20260318
271,1,20260307
271,1,20260315
271,1,20260325
271,1,20260326
271,1,20260327
271,1,20260328
271,1,20260329
271,1,20260330
272,2,20260315
273,1,20260228
273,1,20260330
274,1,20260228
274,1,20260316
274,1,20260318
28,1,20260308
28,1,20260316
282,1,20260301
282,1,20260306
282,1,20260308
282,1,20260327
282,2,20260309
285,1,20260228
286,1,20260314
286,1,20260327
287,1,20260302
288,1,20260328
289,1,20260323
289,2,20260308
289,2,20260310
289,2,20260311
289,2,20260326
290,1,20260228
290,1,20260301
290,1,20260302
290,1,20260306
290,1,20260315
290,1,20260316
290,1,20260317
290,1,20260318
291,1,20260307
291,1,20260308
292,1,20260315
292,1,20260322
292,1,20260327
292,1,20260329
292,1,20260330
293,1,20260228
293,1,20260314
293,1,20260315
293,2,20260303
294,1,20260323
294,2,20260312
299,2,20260312
299,2,20260327
30,1,20260319
300,1,20260313
300,1,20260315
300,1,20260321
300,1,20260322
300,1,20260323
300,1,20260324
300,1,20260325
300,1,20260326
302,2,20260313
303,1,20260323
304,1,20260303
304,1,20260310
304,2,20260301
304,2,20260312
304,2,20260314
304,2,20260318
306,1,20260327
306,2,20260314
306,2,20260315
306,2,20260318
306,2,20260319
309,1,20260321
309,1,20260322
31,1,20260329
310,1,20260228
310,1,20260301
312,1,20260322
314,1,20260304
314,1,20260309
314,1,20260310
314,2,20260320
316,1,20260228
316,1,20260301
316,1,20260302
316,1,20260303
316,1,20260306
316,1,20260322
316,1,20260323
316,1,20260324
316,1,20260325
316,1,20260326
316,1,20260327
317,2,20260308
317,2,20260316
317,2,20260317
319,1,20260302
32,1,20260321
321,1,20260328
321,1,20260329
324,1,20260328
325,2,20260328
327,1,20260308
327,1,20260329
329,1,20260312
329,1,20260327
329,2,20260314
329,2,20260315
329,2,20260318
33,1,20260313
33,2,20260304
33,2,20260305
33,2,20260307
33,2,20260308
330,2,20260309
331,1,20260328
331,1,20260329
331,2,20260306
332,1,20260302
332,1,20260303
332,1,20260308
332,2,20260318
332,2,20260320
332,2,20260321
332,2,20260322
332,2,20260323
334,1,20260317
336,2,20260307
336,2,20260308
336,2,20260321
336,2,20260322
339,2,20260307
339,2,20260308
34,1,20260228
341,1,20260228
342,1,20260307
342,1,20260308
344,2,20260326
345,1,20260308
347,1,20260304
347,2,20260309
347,2,20260310
350,1,20260321
350,1,20260324
351,1,20260301
351,2,20260303
351,2,20260314
351,2,20260321
352,1,20260328
353,1,20260312
355,2,20260301
355,2,20260321
355,2,20260328
357,1,20260228
357,1,20260303
357,1,20260304
357,1,20260311
357,1,20260328
357,2,20260309
357,2,20260323
358,1,20260324
358,1,20260325
358,1,20260326
359,2,20260308
359,2,20260316
361,2,20260307
361,2,20260308
362,1,20260307
364,1,20260313
364,2,20260301
364,2,20260302
366,1,20260319
367,1,20260324
367,1,20260325
367,1,20260326
369,1,20260301
369,1,20260313
369,1,20260314
370,1,20260305
370,1,20260318
370,1,20260322
370,1,20260324
370,1,20260328
371,1,20260306
371,1,20260309
371,2,20260312
371,2,20260317
372,1,20260301
372,1,20260322
372,2,20260307
375,2,20260327
375,2,20260328
375,2,20260329
378,2,20260315
379,1,20260308
379,1,20260328
379,1,20260329
38,1,20260301
38,1,20260310
380,2,20260314
380,2,20260315
381,2,20260325
384,1,20260318
384,1,20260319
384,1,20260320
384,2,20260309
384,2,20260310
385,1,20260301
385,1,20260308
385,2,20260310
385,2,20260312
385,2,20260321
387,1,20260324
387,2,20260313
387,2,20260318
389,1,20260326
389,1,20260327
389,1,20260330
390,1,20260228
390,1,20260305
390,1,20260309
390,1,20260310
390,1,20260312
390,1,20260313
390,1,20260319
391,1,20260311
391,1,20260312
392,1,20260315
392,1,20260328
392,2,20260320
392,2,20260326
393,1,20260307
393,1,20260308
393,1,20260314
393,1,20260315
394,2,20260314
394,2,20260315
395,1,20260228
396,2,20260309
396,2,20260323
397,2,20260327
399,1,20260325
399,1,20260326
399,1,20260327
399,1,20260330
40,2,20260308
400,1,20260228
402,1,20260328
402,1,20260329
402,2,20260301
402,2,20260320
403,1,20260311
403,1,20260321
406,1,20260310
406,1,20260312
406,1,20260313
406,1,20260327
407,2,20260307
407,2,20260310
409,2,20260313
409,2,20260317
409,2,20260318
409,2,20260319
409,2,20260323
41,1,20260305
41,1,20260318
41,1,20260322
41,1,20260324
410,1,20260310
410,1,20260327
410,1,20260330
410,2,20260318
410,2,20260319
410,2,20260321
410,2,20260322
411,1,20260306
411,1,20260307
411,1,20260308
411,1,20260315
411,1,20260316
411,1,20260317
411,1,20260318
411,1,20260319
412,1,20260307
413,1,20260228
413,1,20260301
413,1,20260307
413,1,20260308
414,1,20260312
414,1,20260324
414,1,20260325
414,1,20260326
414,1,20260327
414,1,20260328
414,1,20260329
416,2,20260307
416,2,20260308
416,2,20260309
417,2,20260314
417,2,20260315
418,1,20260310
418,1,20260313
418,1,20260314
418,1,20260315
418,1,20260323
419,1,20260309
420,1,20260320
422,2,20260321
422,2,20260328
423,1,20260228
423,1,20260301
423,1,20260309
423,1,20260310
423,1,20260311
423,1,20260313
423,1,20260315
423,1,20260323
423,1,20260327
423,1,20260328
423,1,20260329
427,1,20260228
427,1,20260311
427,1,20260314
427,1,20260316
427,1,20260317
427,1,20260318
427,1,20260319
429,2,20260314
429,2,20260315
430,1,20260313
430,2,20260321
430,2,20260322
432,1,20260308
432,1,20260315
432,2,20260321
432,2,20260328
433,1,20260315
434,2,20260309
436,1,20260228
436,1,20260301
438,2,20260310
438,2,20260312
439,1,20260314
439,1,20260315
44,1,20260314
44,1,20260328
441,1,20260314
442,1,20260228
442,1,20260301
442,1,20260328
442,1,20260329
445,1,20260328
448,2,20260313
449,1,20260309
450,1,20260228
453,1,20260307
455,1,20260314
455,1,20260315
456,1,20260324
456,1,20260325
456,1,20260326
456,1,20260327
456,1,20260328
456,1,20260329
457,2,20260321
457,2,20260322
460,2,20260321
460,2,20260322
462,1,20260228
462,1,20260304
462,1,20260305
462,1,20260306
462,1,20260309
462,1,20260325
462,1,20260326
462,1,20260327
462,1,20260328
462,1,20260330
462,2,20260301
462,2,20260329
464,1,20260307
464,1,20260319
464,2,20260315
465,1,20260303
466,1,20260302
466,1,20260303
466,1,20260308
466,2,20260315
466,2,20260316
466,2,20260317
466,2,20260318
466,2,20260319
466,2,20260320
466,2,20260321
467,1,20260301
467,1,20260322
47,1,20260308
47,1,20260311
470,1,20260309
471,1,20260313
471,1,20260323
473,1,20260228
473,1,20260307
473,1,20260308
473,1,20260309
473,1,20260310
473,1,20260311
473,1,20260312
473,1,20260313
475,2,20260309
475,2,20260310
475,2,20260311
475,2,20260312
475,2,20260320
475,2,20260321
475,2,20260322
475,2,20260323
475,2,20260324
475,2,20260325
475,2,20260326
476,1,20260330
477,2,20260321
479,1,20260314
479,1,20260328
479,2,20260304
479,2,20260322
480,1,20260305
480,1,20260306
480,1,20260318
480,1,20260322
480,1,20260324
483,2,20260307
483,2,20260308
483,2,20260309
483,2,20260310
484,1,20260321
484,1,20260322
485,2,20260327
485,2,20260329
487,1,20260308
487,1,20260327
487,1,20260329
490,1,20260304
490,1,20260305
490,1,20260330
491,2,20260327
492,2,20260322
494,1,20260228
494,1,20260307
494,1,20260308
494,2,20260310
494,2,20260312
495,2,20260307
495,2,20260308
496,2,20260314
496,2,20260315
496,2,20260316
496,2,20260317
496,2,20260318
496,2,20260319
497,1,20260307
497,1,20260314
497,2,20260322
497,2,20260329
499,2,20260306
499,2,20260307
499,2,20260308
5,2,20260307
5,2,20260308
50,1,20260306
50,2,20260310
50,2,20260311
50,2,20260312
500,2,20260314
500,2,20260315
500,2,20260321
500,2,20260322
501,2,20260312
502,1,20260319
503,1,20260325
503,1,20260326
503,1,20260327
503,1,20260328
503,1,20260329
503,1,20260330
505,1,20260328
505,1,20260329
505,2,20260320
506,1,20260311
507,2,20260308
509,1,20260301
509,1,20260313
509,1,20260315
509,1,20260320
509,2,20260307
509,2,20260309
509,2,20260310
509,2,20260311
511,1,20260309
513,1,20260330
515,1,20260301
515,1,20260307
516,1,20260313
516,1,20260314
516,1,20260315
518,2,20260315
52,1,20260330
520,1,20260302
520,1,20260310
522,2,20260309
522,2,20260310
522,2,20260311
522,2,20260312
522,2,20260313
522,2,20260314
522,2,20260315
526,1,20260320
526,1,20260321
527,1,20260307
527,1,20260308
529,2,20260307
53,1,20260228
53,1,20260301
530,1,20260308
530,2,20260314
531,1,20260228
531,1,20260328
531,1,20260329
531,1,20260330
532,1,20260329
535,1,20260309
54,2,20260307
541,2,20260308
544,1,20260315
544,1,20260324
544,1,20260325
544,1,20260326
544,1,20260327
545,1,20260305
545,2,20260309
545,2,20260310
545,2,20260311
549,1,20260308
55,1,20260301
55,1,20260315
551,2,20260328
551,2,20260329
552,2,20260314
553,1,20260307
553,1,20260319
553,1,20260320
554,1,20260301
554,1,20260315
554,2,20260306
554,2,20260307
554,2,20260309
554,2,20260310
554,2,20260311
557,1,20260329
557,1,20260330
558,1,20260319
558,1,20260320
558,1,20260323
558,2,20260328
563,1,20260228
563,1,20260319
566,1,20260324
566,2,20260313
566,2,20260314
566,2,20260315
566,2,20260319
567,1,20260322
568,1,20260228
569,1,20260329
57,1,20260326
57,1,20260328
570,1,20260228
570,1,20260310
571,1,20260228
571,1,20260301
572,1,20260320
573,2,20260307
573,2,20260308
575,1,20260306
575,1,20260313
576,2,20260321
576,2,20260322
577,2,20260307
577,2,20260308
58,1,20260302
58,1,20260306
580,1,20260315
581,1,20260305
583,1,20260304
583,1,20260305
583,1,20260316
583,1,20260317
583,1,20260326
587,1,20260321
588,1,20260305
588,1,20260318
588,1,20260330
589,1,20260305
589,1,20260306
589,1,20260316
589,1,20260318
589,2,20260323
591,1,20260329
592,1,20260301
593,1,20260319
595,2,20260319
596,1,20260327
601,2,20260306
602,2,20260321
602,2,20260322
603,1,20260306
603,1,20260319
604,1,20260303
604,1,20260324
604,2,20260309
604,2,20260315
604,2,20260316
604,2,20260318
604,2,20260319
604,2,20260320
604,2,20260321
605,1,20260228
605,1,20260329
608,1,20260329
612,1,20260315
612,2,20260321
615,1,20260311
615,1,20260312
618,1,20260306
621,1,20260319
621,1,20260330
623,1,20260307
623,2,20260309
623,2,20260312
624,2,20260303
627,1,20260307
627,1,20260308
629,2,20260307
629,2,20260321
630,1,20260321
630,1,20260322
631,2,20260309
631,2,20260310
631,2,20260311
631,2,20260312
631,2,20260313
633,1,20260323
633,1,20260324
634,1,20260312
634,2,20260304
634,2,20260307
634,2,20260308
635,2,20260307
635,2,20260308
635,2,20260321
639,1,20260307
639,1,20260323
639,1,20260324
639,1,20260325
639,1,20260326
639,1,20260329
64,2,20260319
64,2,20260321
640,2,20260306
641,1,20260305
641,1,20260315
641,1,20260326
641,1,20260329
641,2,20260313
641,2,20260314
641,2,20260323
643,1,20260306
643,1,20260313
643,1,20260314
643,1,20260316
643,1,20260317
643,1,20260318
643,1,20260319
645,1,20260321
646,2,20260320
646,2,20260321
646,2,20260322
646,2,20260323
646,2,20260324
646,2,20260325
646,2,20260326
647,1,20260301
647,1,20260315
648,1,20260325
648,1,20260326
648,1,20260330
649,1,20260228
649,1,20260308
653,2,20260307
653,2,20260308
654,1,20260321
657,1,20260228
657,1,20260301
657,1,20260306
657,1,20260307
657,1,20260308
658,1,20260228
658,1,20260322
659,1,20260306
659,1,20260321
659,1,20260322
659,1,20260323
659,1,20260324
659,1,20260325
660,1,20260326
660,1,20260329
660,1,20260330
661,1,20260319
661,1,20260322
661,1,20260325
661,1,20260330
662,1,20260319
667,1,20260228
667,1,20260301
667,1,20260321
667,1,20260322
668,2,20260321
668,2,20260322
669,2,20260312
670,1,20260308
670,1,20260313
670,1,20260316
670,1,20260317
670,1,20260318
671,2,20260301
672,1,20260307
672,1,20260317
672,1,20260318
675,2,20260325
677,1,20260228
677,1,20260302
677,1,20260303
677,1,20260304
677,1,20260305
677,1,20260306
677,1,20260316
677,1,20260317
677,1,20260318
677,1,20260319
677,1,20260320
679,1,20260228
679,1,20260301
68,1,20260321
68,1,20260322
68,1,20260328
68,1,20260329
68,2,20260306
681,1,20260301
683,1,20260314
683,1,20260315
683,1,20260317
686,2,20260315
690,1,20260315
690,2,20260307
691,1,20260329
693,1,20260315
693,2,20260306
693,2,20260307
698,1,20260301
698,1,20260302
698,1,20260303
698,1,20260304
698,1,20260305
699,2,20260309
70,1,20260228
70,1,20260301
70,1,20260324
70,1,20260325
70,1,20260326
700,1,20260305
700,1,20260306
700,1,20260316
700,1,20260317
700,1,20260318
701,1,20260228
701,2,20260308
701,2,20260322
703,1,20260326
703,2,20260317
704,1,20260319
705,2,20260306
706,1,20260316
707,1,20260307
707,1,20260316
707,1,20260317
707,1,20260318
708,1,20260228
708,1,20260308
708,1,20260315
710,2,20260307
710,2,20260308
710,2,20260309
710,2,20260310
710,2,20260311
710,2,20260312
713,1,20260325
713,1,20260326
713,1,20260327
713,1,20260330
715,2,20260314
715,2,20260315
717,2,20260308
718,1,20260313
718,2,20260307
718,2,20260308
719,2,20260325
720,1,20260309
720,2,20260322
723,1,20260315
723,2,20260328
726,1,20260228
726,1,20260301
726,1,20260302
726,1,20260303
726,1,20260304
726,1,20260305
726,1,20260306
726,1,20260322
726,1,20260323
726,1,20260324
726,1,20260325
726,1,20260326
726,1,20260327
726,1,20260329
728,1,20260318
728,1,20260319
729,2,20260307
729,2,20260308
729,2,20260309
729,2,20260310
729,2,20260313
73,1,20260302
73,1,20260304
73,1,20260321
73,1,20260322
730,1,20260228
730,1,20260328
731,2,20260307
731,2,20260309
731,2,20260314
732,1,20260308
732,1,20260327
732,2,20260319
733,1,20260316
733,1,20260326
734,1,20260327
734,1,20260329
735,1,20260326
735,1,20260330
735,2,20260314
735,2,20260318
735,2,20260329
739,2,20260305
740,1,20260305
740,1,20260306
740,1,20260307
740,1,20260317
740,1,20260318
742,1,20260315
742,1,20260322
742,2,20260306
742,2,20260307
744,1,20260309
746,1,20260319
746,2,20260307
746,2,20260308
747,1,20260330
751,2,20260323
752,1,20260309
752,1,20260327
752,1,20260330
752,2,20260318
752,2,20260319
752,2,20260321
752,2,20260322
753,1,20260315
754,1,20260309
754,1,20260328
754,1,20260330
755,1,20260228
755,1,20260328
755,1,20260329
755,1,20260330
757,1,20260302
759,1,20260322
759,1,20260327
760,1,20260307
760,1,20260308
760,1,20260314
760,2,20260316
761,1,20260325
761,1,20260326
761,1,20260327
761,1,20260328
761,1,20260329
761,1,20260330
762,1,20260315
762,1,20260329
762,2,20260321
763,1,20260228
763,1,20260301
763,1,20260314
763,1,20260315
764,1,20260321
764,1,20260322
765,1,20260305
765,1,20260318
765,1,20260321
766,1,20260228
766,1,20260301
766,1,20260308
766,1,20260309
766,1,20260310
766,1,20260311
766,1,20260315
767,1,20260302
767,1,20260303
767,1,20260324
767,1,20260327
767,1,20260328
769,1,20260309
769,1,20260310
771,1,20260320
772,1,20260308
774,1,20260302
776,1,20260312
776,2,20260320
776,2,20260321
776,2,20260324
776,2,20260325
777,1,20260328
777,1,20260329
779,2,20260312
779,2,20260315
779,2,20260327
78,1,20260317
783,1,20260328
783,1,20260329
785,1,20260310
785,2,20260307
785,2,20260308
785,2,20260320
786,1,20260228
786,2,20260311
786,2,20260312
786,2,20260313
788,1,20260316
797,1,20260317
798,1,20260306
798,1,20260315
8,2,20260322
80,1,20260302
80,1,20260303
80,1,20260304
80,1,20260305
80,1,20260306
800,2,20260320
800,2,20260321
800,2,20260322
801,2,20260307
801,2,20260308
803,2,20260321
803,2,20260322
804,2,20260309
806,1,20260301
806,1,20260315
806,1,20260325
806,1,20260326
806,1,20260327
806,1,20260328
806,1,20260329
806,1,20260330
809,1,20260228
809,1,20260301
809,1,20260302
809,1,20260303
809,1,20260304
809,1,20260306
809,1,20260322
809,1,20260323
809,1,20260324
809,1,20260325
809,1,20260326
809,1,20260327
81,1,20260228
81,1,20260322
81,1,20260323
81,1,20260324
81,1,20260325
81,1,20260326
81,1,20260327
812,2,20260304
813,1,20260328
813,1,20260329
815,2,20260314
815,2,20260315
815,2,20260316
815,2,20260317
815,2,20260318
815,2,20260319
819,1,20260329
82,1,20260326
820,1,20260321
820,1,20260322
821,2,20260307
821,2,20260308
821,2,20260321
821,2,20260322
825,2,20260324
826,1,20260304
826,1,20260309
826,1,20260310
826,2,20260320
829,2,20260308
829,2,20260315
83,2,20260322
833,1,20260330
837,1,20260315
839,2,20260321
839,2,20260322
840,1,20260307
840,1,20260308
841,1,20260228
841,1,20260330
842,1,20260315
842,2,20260312
842,2,20260317
845,1,20260318
847,1,20260325
847,1,20260326
847,1,20260327
847,1,20260328
847,1,20260330
849,1,20260305
849,1,20260313
849,2,20260316
851,1,20260320
852,1,20260302
852,1,20260303
852,1,20260304
852,1,20260305
852,1,20260306
853,2,20260320
853,2,20260321
857,1,20260301
857,1,20260302
857,1,20260307
857,1,20260308
860,2,20260309
860,2,20260313
861,2,20260316
862,1,20260326
863,1,20260328
863,1,20260329
865,1,20260307
865,1,20260328
865,1,20260329
866,1,20260305
866,1,20260326
867,1,20260308
867,1,20260328
867,1,20260329
869,1,20260305
869,1,20260319
869,1,20260320
869,1,20260322
869,1,20260323
869,1,20260324
869,1,20260325
870,2,20260314
870,2,20260315
872,1,20260314
872,1,20260315
873,1,20260324
876,2,20260314
877,1,20260228
877,2,20260320
878,1,20260305
878,1,20260324
878,1,20260325
88,1,20260314
88,1,20260323
88,1,20260329
882,1,20260228
882,1,20260315
884,2,20260307
884,2,20260308
887,1,20260228
887,2,20260309
887,2,20260310
887,2,20260311
887,2,20260312
889,1,20260307
89,1,20260228
89,1,20260307
89,1,20260308
89,1,20260309
89,1,20260310
89,1,20260312
89,1,20260313
89,1,20260318
89,2,20260315
89,2,20260324
89,2,20260326
890,1,20260303
890,2,20260309
890,2,20260311
890,2,20260312
891,1,20260315
891,1,20260325
891,1,20260326
891,1,20260327
891,1,20260328
891,1,20260329
891,1,20260330
894,2,20260320
896,1,20260315
896,2,20260313
896,2,20260321
898,1,20260309
898,1,20260320
898,1,20260328
898,1,20260329
898,1,20260330
898,2,20260317
898,2,20260318
899,1,20260319
899,1,20260320
899,1,20260330
9,1,20260315
9,1,20260325
9,1,20260326
9,1,20260327
9,1,20260328
9,1,20260329
9,1,20260330
901,1,20260329
901,1,20260330
902,2,20260307
902,2,20260308
904,1,20260228
904,1,20260301
908,1,20260318
909,1,20260314
909,1,20260328
909,1,20260329
909,1,20260330
91,1,20260304
91,1,20260305
91,1,20260306
91,1,20260325
91,1,20260326
91,1,20260327
91,2,20260316
91,2,20260321
910,1,20260228
911,1,20260302
913,1,20260304
913,1,20260305
913,1,20260322
913,1,20260324
914,2,20260315
915,2,20260306
915,2,20260307
915,2,20260308
915,2,20260314
915,2,20260315
920,1,20260306
920,1,20260313
920,1,20260315
920,1,20260318
920,1,20260319
920,1,20260320
921,1,20260307
921,1,20260308
921,1,20260325
921,1,20260326
921,1,20260327
921,1,20260329
921,1,20260330
923,2,20260314
923,2,20260315
923,2,20260321
923,2,20260322
923,2,20260323
923,2,20260324
925,2,20260317
925,2,20260318
928,1,20260323
928,1,20260329
93,1,20260314
93,1,20260328
93,1,20260330
930,1,20260306
930,2,20260307
930,2,20260308
933,2,20260301
934,1,20260305
934,1,20260306
934,1,20260308
934,2,20260314
935,2,20260315
936,1,20260309
936,1,20260310
937,2,20260309
938,2,20260316
940,1,20260306
942,1,20260308
943,1,20260304
943,1,20260307
944,1,20260308
944,1,20260313
944,2,20260309
944,2,20260310
945,2,20260301
948,2,20260328
949,1,20260311
949,1,20260316
949,1,20260317
951,1,20260307
951,1,20260308
951,1,20260314
951,1,20260315
956,1,20260313
957,2,20260323
957,2,20260324
958,1,20260321
958,2,20260318
960,2,20260307
961,1,20260326
962,2,20260320
964,1,20260328
964,1,20260329
969,1,20260305
969,1,20260318
97,1,20260314
97,1,20260315
97,1,20260328
97,1,20260329
971,1,20260310
973,1,20260315
974,1,20260228
974,1,20260306
974,1,20260307
974,1,20260308
974,1,20260309
974,1,20260310
974,1,20260311
974,1,20260312
974,1,20260313
974,1,20260328
974,1,20260329
978,1,20260313
978,2,20260315
978,2,20260316
978,2,20260317
978,2,20260318
978,2,20260319
978,2,20260321
979,1,20260302
979,1,20260303
983,1,20260325
983,1,20260326
983,1,20260327
983,1,20260328
983,1,20260329
983,1,20260330
984,1,20260321
986,1,20260307
986,1,20260316
986,1,20260326
986,1,20260327
986,1,20260328
986,1,20260330
986,2,20260315
988,1,20260325
988,1,20260326
988,1,20260327
988,1,20260328
988,1,20260330
991,1,20260310
992,1,20260327
992,1,20260328
992,1,20260329
994,2,20260315
994,2,20260321
997,1,20260315
997,1,20260321
997,1,20260322
998,1,20260228
998,1,20260328
998,1,20260329
