monday,tuesday,wednesday,thursday,friday,saturday,sunday,start_date,end_date,service_id
0,0,0,0,0,0,1,20260228,20260301,658
0,0,0,0,0,0,1,20260228,20260301,841
0,0,0,0,0,0,1,20260228,20260308,34
0,0,0,0,0,0,1,20260228,20260329,190
0,0,0,0,0,0,1,20260228,20260329,701
0,0,0,0,0,0,1,20260301,20260308,569
0,0,0,0,0,0,1,20260301,20260308,69
0,0,0,0,0,0,1,20260301,20260312,353
0,0,0,0,0,0,1,20260301,20260315,606
0,0,0,0,0,0,1,20260301,20260315,717
0,0,0,0,0,0,1,20260301,20260322,40
0,0,0,0,0,0,1,20260301,20260322,895
0,0,0,0,0,0,1,20260301,20260329,161
0,0,0,0,0,0,1,20260301,20260329,177
0,0,0,0,0,0,1,20260301,20260329,238
0,0,0,0,0,0,1,20260301,20260329,378
0,0,0,0,0,0,1,20260301,20260329,616
0,0,0,0,0,0,1,20260303,20260308,179
0,0,0,0,0,0,1,20260307,20260308,865
0,0,0,0,0,0,1,20260307,20260315,412
0,0,0,0,0,0,1,20260307,20260319,464
0,0,0,0,0,0,1,20260308,20260315,859
0,0,0,0,0,0,1,20260308,20260322,137
0,0,0,0,0,0,1,20260308,20260322,403
0,0,0,0,0,0,1,20260308,20260322,518
0,0,0,0,0,0,1,20260308,20260322,572
0,0,0,0,0,0,1,20260308,20260329,8
0,0,0,0,0,0,1,20260308,20260329,811
0,0,0,0,0,0,1,20260309,20260329,720
0,0,0,0,0,0,1,20260314,20260327,286
0,0,0,0,0,0,1,20260315,20260322,625
0,0,0,0,0,0,1,20260315,20260329,620
0,0,0,0,0,0,1,20260315,20260329,83
0,0,0,0,0,0,1,20260321,20260329,32
0,0,0,0,0,0,1,20260322,20260329,19
0,0,0,0,0,0,1,20260322,20260329,592
0,0,0,0,0,0,1,20260322,20260330,476
0,0,0,0,0,1,0,20260228,20260307,324
0,0,0,0,0,1,0,20260228,20260307,970
0,0,0,0,0,1,0,20260228,20260308,221
0,0,0,0,0,1,0,20260228,20260308,867
0,0,0,0,0,1,0,20260228,20260314,54
0,0,0,0,0,1,0,20260228,20260314,816
0,0,0,0,0,1,0,20260228,20260315,690
0,0,0,0,0,1,0,20260228,20260321,529
0,0,0,0,0,1,0,20260228,20260321,727
0,0,0,0,0,1,0,20260228,20260322,372
0,0,0,0,0,1,0,20260228,20260328,368
0,0,0,0,0,1,0,20260228,20260328,629
0,0,0,0,0,1,0,20260228,20260328,960
0,0,0,0,0,1,0,20260307,20260314,340
0,0,0,0,0,1,0,20260307,20260314,928
0,0,0,0,0,1,0,20260307,20260315,973
0,0,0,0,0,1,0,20260307,20260321,1000
0,0,0,0,0,1,0,20260307,20260321,530
0,0,0,0,0,1,0,20260307,20260321,85
0,0,0,0,0,1,0,20260307,20260328,278
0,0,0,0,0,1,0,20260307,20260329,762
0,0,0,0,0,1,0,20260314,20260321,297
0,0,0,0,0,1,0,20260314,20260328,188
0,0,0,0,0,1,0,20260314,20260328,477
0,0,0,0,0,1,0,20260314,20260328,612
0,0,0,0,0,1,0,20260321,20260328,320
0,0,0,0,0,1,0,20260321,20260328,395
0,0,0,0,0,1,0,20260321,20260329,31
0,0,0,0,0,1,0,20260321,20260330,901
0,0,0,0,0,1,1,20260228,20260301,37
0,0,0,0,0,1,1,20260228,20260307,537
0,0,0,0,0,1,1,20260228,20260308,168
0,0,0,0,0,1,1,20260228,20260308,65
0,0,0,0,0,1,1,20260228,20260315,256
0,0,0,0,0,1,1,20260228,20260315,577
0,0,0,0,0,1,1,20260228,20260315,618
0,0,0,0,0,1,1,20260228,20260315,933
0,0,0,0,0,1,1,20260228,20260319,593
0,0,0,0,0,1,1,20260228,20260319,746
0,0,0,0,0,1,1,20260228,20260322,472
0,0,0,0,0,1,1,20260228,20260322,902
0,0,0,0,0,1,1,20260228,20260328,668
0,0,0,0,0,1,1,20260228,20260329,122
0,0,0,0,0,1,1,20260228,20260329,210
0,0,0,0,0,1,1,20260228,20260329,336
0,0,0,0,0,1,1,20260228,20260329,355
0,0,0,0,0,1,1,20260228,20260329,602
0,0,0,0,0,1,1,20260228,20260329,635
0,0,0,0,0,1,1,20260228,20260329,653
0,0,0,0,0,1,1,20260228,20260329,688
0,0,0,0,0,1,1,20260228,20260330,189
0,0,0,0,0,1,1,20260228,20260330,237
0,0,0,0,0,1,1,20260301,20260307,783
0,0,0,0,0,1,1,20260307,20260308,201
0,0,0,0,0,1,1,20260307,20260315,622
0,0,0,0,0,1,1,20260307,20260321,510
0,0,0,0,0,1,1,20260307,20260322,715
0,0,0,0,0,1,1,20260307,20260322,780
0,0,0,0,0,1,1,20260307,20260329,135
0,0,0,0,0,1,1,20260307,20260329,236
0,0,0,0,0,1,1,20260313,20260329,430
0,0,0,0,0,1,1,20260314,20260315,459
0,0,0,0,0,1,1,20260314,20260322,326
0,0,0,0,0,1,1,20260314,20260324,633
0,0,0,0,0,1,1,20260314,20260329,457
0,0,0,0,0,1,1,20260314,20260329,676
0,0,0,0,0,1,1,20260315,20260322,227
0,0,0,0,0,1,1,20260318,20260329,728
0,0,0,0,0,1,1,20260321,20260322,29
0,0,0,0,0,1,1,20260321,20260328,67
0,0,0,0,0,1,1,20260321,20260329,102
0,0,0,0,0,1,1,20260321,20260329,419
0,0,0,0,0,1,1,20260321,20260329,904
0,0,0,0,0,1,1,20260322,20260328,140
0,0,0,0,0,1,1,20260322,20260329,261
0,0,0,0,0,1,1,20260328,20260329,183
0,0,0,0,0,1,1,20260328,20260329,987
0,0,0,0,1,0,0,20260228,20260313,568
0,0,0,0,1,0,0,20260228,20260320,341
0,0,0,0,1,0,0,20260228,20260327,877
0,0,0,0,1,0,0,20260228,20260329,442
0,0,0,0,1,0,0,20260228,20260329,998
0,0,0,0,1,0,0,20260301,20260313,38
0,0,0,0,1,0,0,20260306,20260313,100
0,0,0,0,1,0,0,20260306,20260320,12
0,0,0,0,1,0,0,20260306,20260320,180
0,0,0,0,1,0,0,20260306,20260320,889
0,0,0,0,1,0,0,20260306,20260327,440
0,0,0,0,1,0,0,20260306,20260327,448
0,0,0,0,1,0,0,20260306,20260329,97
0,0,0,0,1,0,0,20260309,20260320,511
0,0,0,0,1,0,0,20260313,20260320,79
0,0,0,0,1,0,0,20260313,20260327,962
0,0,0,0,1,0,0,20260320,20260327,208
0,0,0,0,1,0,1,20260301,20260306,796
0,0,0,0,1,0,1,20260301,20260329,705
0,0,0,0,1,0,1,20260306,20260308,458
0,0,0,0,1,0,1,20260308,20260313,239
0,0,0,0,1,0,1,20260308,20260313,764
0,0,0,0,1,0,1,20260308,20260320,532
0,0,0,0,1,0,1,20260313,20260315,59
0,0,0,0,1,0,1,20260313,20260322,280
0,0,0,0,1,0,1,20260313,20260327,76
0,0,0,0,1,0,1,20260322,20260327,636
0,0,0,0,1,0,1,20260322,20260329,519
0,0,0,0,1,0,1,20260327,20260329,868
0,0,0,0,1,1,0,20260228,20260306,900
0,0,0,0,1,1,0,20260228,20260307,295
0,0,0,0,1,1,0,20260228,20260308,154
0,0,0,0,1,1,0,20260228,20260313,398
0,0,0,0,1,1,0,20260228,20260328,2
0,0,0,0,1,1,0,20260228,20260328,365
0,0,0,0,1,1,0,20260301,20260321,235
0,0,0,0,1,1,0,20260306,20260307,626
0,0,0,0,1,1,0,20260306,20260321,552
0,0,0,0,1,1,0,20260307,20260313,536
0,0,0,0,1,1,0,20260313,20260314,750
0,0,0,0,1,1,0,20260313,20260328,10
0,0,0,0,1,1,0,20260314,20260320,377
0,0,0,0,1,1,0,20260320,20260321,230
0,0,0,0,1,1,0,20260320,20260328,827
0,0,0,0,1,1,0,20260327,20260328,550
0,0,0,0,1,1,1,20260228,20260306,684
0,0,0,0,1,1,1,20260228,20260322,801
0,0,0,0,1,1,1,20260228,20260329,573
0,0,0,0,1,1,1,20260228,20260329,990
0,0,0,0,1,1,1,20260301,20260308,121
0,0,0,0,1,1,1,20260306,20260308,972
0,0,0,0,1,1,1,20260306,20260313,879
0,0,0,0,1,1,1,20260306,20260327,785
0,0,0,0,1,1,1,20260306,20260329,975
0,0,0,0,1,1,1,20260308,20260319,366
0,0,0,0,1,1,1,20260313,20260315,781
0,0,0,0,1,1,1,20260313,20260322,584
0,0,0,0,1,1,1,20260313,20260329,839
0,0,0,0,1,1,1,20260314,20260329,803
0,0,0,0,1,1,1,20260315,20260322,47
0,0,0,0,1,1,1,20260320,20260322,35
0,0,0,0,1,1,1,20260322,20260329,447
0,0,0,0,1,1,1,20260327,20260329,267
0,0,0,1,0,0,0,20260305,20260319,501
0,0,0,1,0,0,1,20260301,20260305,155
0,0,0,1,0,0,1,20260308,20260312,74
0,0,0,1,0,0,1,20260322,20260329,954
0,0,0,1,0,1,0,20260305,20260307,181
0,0,0,1,0,1,0,20260319,20260321,652
0,0,0,1,0,1,1,20260307,20260314,343
0,0,0,1,1,0,0,20260305,20260306,152
0,0,0,1,1,0,0,20260305,20260306,660
0,0,0,1,1,0,0,20260305,20260306,759
0,0,0,1,1,0,0,20260305,20260327,640
0,0,0,1,1,0,0,20260306,20260312,281
0,0,0,1,1,0,0,20260312,20260313,401
0,0,0,1,1,0,0,20260319,20260320,352
0,0,0,1,1,0,0,20260319,20260320,549
0,0,0,1,1,0,0,20260319,20260320,747
0,0,0,1,1,0,0,20260319,20260320,787
0,0,0,1,1,0,0,20260320,20260326,792
0,0,0,1,1,0,0,20260326,20260327,461
0,0,0,1,1,0,1,20260301,20260306,327
0,0,0,1,1,0,1,20260312,20260319,212
0,0,0,1,1,0,1,20260322,20260330,153
0,0,0,1,1,1,0,20260305,20260307,556
0,0,0,1,1,1,0,20260305,20260307,57
0,0,0,1,1,1,0,20260312,20260314,60
0,0,0,1,1,1,0,20260319,20260321,885
0,0,0,1,1,1,0,20260320,20260326,463
0,0,0,1,1,1,0,20260326,20260328,615
0,0,0,1,1,1,1,20260228,20260306,528
0,0,0,1,1,1,1,20260228,20260308,557
0,0,0,1,1,1,1,20260308,20260319,162
0,0,0,1,1,1,1,20260312,20260326,214
0,0,0,1,1,1,1,20260320,20260326,337
0,0,1,0,0,0,0,20260305,20260311,866
0,0,1,0,0,0,0,20260306,20260315,798
0,0,1,0,0,0,1,20260308,20260311,947
0,0,1,0,0,0,1,20260315,20260318,818
0,0,1,0,0,1,0,20260304,20260307,538
0,0,1,0,0,1,1,20260307,20260311,1
0,0,1,0,1,0,0,20260306,20260311,21
0,0,1,0,1,0,0,20260311,20260313,318
0,0,1,0,1,0,0,20260313,20260318,924
0,0,1,0,1,0,1,20260308,20260313,512
0,0,1,0,1,0,1,20260311,20260315,298
0,0,1,0,1,1,0,20260228,20260314,182
0,0,1,0,1,1,0,20260306,20260313,980
0,0,1,0,1,1,1,20260327,20260330,661
0,0,1,1,0,0,0,20260302,20260312,767
0,0,1,1,0,0,0,20260303,20260311,465
0,0,1,1,0,0,0,20260304,20260305,756
0,0,1,1,0,0,0,20260304,20260305,845
0,0,1,1,0,0,0,20260304,20260305,862
0,0,1,1,0,0,0,20260311,20260312,309
0,0,1,1,0,0,0,20260311,20260312,333
0,0,1,1,0,0,0,20260311,20260312,961
0,0,1,1,0,0,0,20260312,20260323,88
0,0,1,1,0,0,0,20260318,20260319,864
0,0,1,1,0,0,0,20260325,20260326,51
0,0,1,1,0,0,1,20260302,20260310,520
0,0,1,1,0,1,0,20260304,20260308,248
0,0,1,1,0,1,0,20260318,20260321,490
0,0,1,1,0,1,1,20260304,20260308,822
0,0,1,1,0,1,1,20260308,20260330,410
0,0,1,1,0,1,1,20260309,20260330,752
0,0,1,1,0,1,1,20260314,20260319,834
0,0,1,1,1,0,0,20260304,20260306,831
0,0,1,1,1,0,0,20260311,20260313,84
0,0,1,1,1,0,0,20260311,20260316,733
0,0,1,1,1,0,1,20260301,20260306,905
0,0,1,1,1,1,0,20260304,20260307,694
0,0,1,1,1,1,0,20260304,20260308,670
0,0,1,1,1,1,0,20260311,20260315,55
0,0,1,1,1,1,0,20260311,20260319,77
0,0,1,1,1,1,0,20260319,20260321,588
0,0,1,1,1,1,0,20260328,20260330,921
0,0,1,1,1,1,1,20260228,20260307,611
0,0,1,1,1,1,1,20260228,20260312,979
0,0,1,1,1,1,1,20260304,20260318,991
0,0,1,1,1,1,1,20260310,20260330,18
0,0,1,1,1,1,1,20260311,20260315,87
0,0,1,1,1,1,1,20260311,20260327,387
0,0,1,1,1,1,1,20260315,20260325,334
0,0,1,1,1,1,1,20260320,20260327,768
0,1,0,0,0,0,1,20260228,20260330,462
0,1,0,0,0,0,1,20260301,20260303,112
0,1,0,0,0,0,1,20260319,20260330,899
0,1,0,0,0,1,0,20260228,20260303,223
0,1,0,0,0,1,1,20260228,20260303,711
0,1,0,0,0,1,1,20260307,20260310,617
0,1,0,0,1,0,1,20260306,20260316,986
0,1,0,1,0,0,0,20260303,20260305,425
0,1,0,1,0,0,0,20260317,20260319,474
0,1,0,1,0,0,0,20260324,20260326,259
0,1,0,1,0,0,1,20260308,20260312,788
0,1,0,1,0,1,1,20260310,20260315,778
0,1,0,1,0,1,1,20260314,20260329,89
0,1,0,1,1,0,0,20260228,20260308,649
0,1,0,1,1,0,1,20260301,20260306,431
0,1,1,0,0,0,0,20260302,20260312,220
0,1,1,0,0,0,0,20260303,20260304,502
0,1,1,0,0,0,0,20260303,20260304,597
0,1,1,0,0,0,0,20260310,20260311,561
0,1,1,0,0,0,0,20260317,20260318,408
0,1,1,0,0,0,0,20260324,20260325,92
0,1,1,0,0,0,1,20260308,20260311,6
0,1,1,0,0,1,1,20260314,20260329,558
0,1,1,0,1,0,0,20260313,20260318,607
0,1,1,0,1,1,1,20260311,20260330,735
0,1,1,1,0,0,0,20260303,20260305,906
0,1,1,1,0,0,0,20260303,20260319,632
0,1,1,1,0,0,0,20260303,20260319,744
0,1,1,1,0,0,0,20260309,20260330,898
0,1,1,1,0,0,0,20260312,20260318,202
0,1,1,1,0,0,0,20260317,20260319,680
0,1,1,1,0,0,0,20260324,20260326,967
0,1,1,1,0,0,1,20260301,20260305,276
0,1,1,1,0,0,1,20260301,20260329,541
0,1,1,1,0,0,1,20260302,20260312,146
0,1,1,1,0,0,1,20260303,20260308,36
0,1,1,1,0,1,0,20260320,20260328,420
0,1,1,1,0,1,1,20260303,20260319,371
0,1,1,1,0,1,1,20260324,20260329,145
0,1,1,1,1,0,0,20260303,20260306,614
0,1,1,1,1,0,0,20260310,20260313,665
0,1,1,1,1,0,0,20260313,20260319,749
0,1,1,1,1,0,0,20260319,20260320,740
0,1,1,1,1,0,0,20260320,20260330,833
0,1,1,1,1,0,0,20260324,20260327,322
0,1,1,1,1,0,1,20260301,20260306,469
0,1,1,1,1,0,1,20260301,20260322,184
0,1,1,1,1,0,1,20260303,20260329,289
0,1,1,1,1,0,1,20260303,20260329,874
0,1,1,1,1,0,1,20260324,20260329,673
0,1,1,1,1,1,0,20260228,20260311,319
0,1,1,1,1,1,0,20260228,20260325,133
0,1,1,1,1,1,0,20260310,20260314,988
0,1,1,1,1,1,0,20260324,20260328,682
0,1,1,1,1,1,1,20260228,20260306,931
0,1,1,1,1,1,1,20260228,20260310,911
0,1,1,1,1,1,1,20260228,20260329,160
0,1,1,1,1,1,1,20260302,20260312,774
0,1,1,1,1,1,1,20260307,20260315,356
0,1,1,1,1,1,1,20260307,20260326,294
0,1,1,1,1,1,1,20260308,20260317,470
0,1,1,1,1,1,1,20260309,20260329,449
0,1,1,1,1,1,1,20260311,20260327,231
0,1,1,1,1,1,1,20260316,20260324,706
0,1,1,1,1,1,1,20260320,20260330,52
0,1,1,1,1,1,1,20260324,20260329,39
1,0,0,0,0,0,0,20260228,20260330,70
1,0,0,0,0,0,0,20260301,20260309,681
1,0,0,0,0,0,0,20260302,20260316,804
1,0,0,0,0,0,0,20260302,20260330,396
1,0,0,0,0,0,0,20260302,20260330,582
1,0,0,0,0,0,0,20260309,20260316,968
1,0,0,0,0,0,0,20260316,20260324,873
1,0,0,0,0,0,0,20260323,20260330,952
1,0,0,0,0,0,1,20260301,20260302,555
1,0,0,0,0,0,1,20260308,20260309,790
1,0,0,0,0,0,1,20260315,20260316,559
1,0,0,0,0,0,1,20260322,20260323,169
1,0,0,0,0,0,1,20260322,20260329,741
1,0,0,0,0,0,1,20260329,20260330,228
1,0,0,0,0,0,1,20260329,20260330,855
1,0,0,0,0,1,0,20260228,20260302,953
1,0,0,0,0,1,0,20260307,20260309,86
1,0,0,0,0,1,0,20260314,20260316,692
1,0,0,0,0,1,0,20260328,20260330,912
1,0,0,0,0,1,1,20260228,20260302,3
1,0,0,0,0,1,1,20260228,20260315,406
1,0,0,0,0,1,1,20260307,20260309,725
1,0,0,0,0,1,1,20260314,20260316,888
1,0,0,0,0,1,1,20260321,20260329,348
1,0,0,0,0,1,1,20260328,20260330,650
1,0,0,0,1,0,0,20260309,20260313,72
1,0,0,0,1,0,0,20260316,20260320,886
1,0,0,0,1,0,0,20260323,20260330,301
1,0,0,0,1,0,0,20260327,20260330,335
1,0,0,0,1,0,1,20260228,20260308,123
1,0,0,0,1,0,1,20260322,20260330,709
1,0,0,0,1,1,0,20260228,20260330,731
1,0,0,0,1,1,0,20260323,20260328,936
1,0,0,0,1,1,0,20260327,20260330,71
1,0,0,0,1,1,1,20260228,20260330,358
1,0,0,0,1,1,1,20260319,20260330,30
1,0,0,0,1,1,1,20260320,20260323,323
1,0,0,0,1,1,1,20260327,20260330,663
1,0,0,1,0,0,1,20260312,20260325,269
1,0,0,1,0,0,1,20260326,20260330,206
1,0,0,1,0,1,1,20260326,20260330,489
1,0,0,1,1,0,0,20260228,20260330,357
1,0,0,1,1,0,0,20260319,20260330,421
1,0,0,1,1,0,0,20260320,20260330,321
1,0,0,1,1,0,0,20260326,20260330,810
1,0,0,1,1,0,1,20260319,20260330,587
1,0,0,1,1,0,1,20260326,20260330,264
1,0,0,1,1,1,0,20260319,20260330,120
1,0,0,1,1,1,0,20260319,20260330,878
1,0,0,1,1,1,1,20260307,20260329,244
1,0,0,1,1,1,1,20260320,20260327,243
1,0,0,1,1,1,1,20260326,20260330,737
1,0,1,0,0,0,0,20260309,20260311,805
1,0,1,0,0,0,0,20260316,20260318,547
1,0,1,0,0,0,0,20260323,20260325,722
1,0,1,0,0,0,0,20260325,20260330,94
1,0,1,0,0,0,1,20260315,20260318,369
1,0,1,0,0,0,1,20260325,20260330,578
1,0,1,0,0,1,1,20260228,20260304,452
1,0,1,0,0,1,1,20260323,20260330,966
1,0,1,0,1,0,0,20260323,20260327,941
1,0,1,0,1,1,1,20260322,20260330,854
1,0,1,0,1,1,1,20260323,20260330,481
1,0,1,1,0,0,0,20260309,20260326,14
1,0,1,1,0,0,0,20260314,20260326,683
1,0,1,1,0,0,0,20260316,20260319,897
1,0,1,1,0,0,0,20260320,20260330,526
1,0,1,1,0,0,0,20260323,20260326,16
1,0,1,1,0,0,1,20260322,20260326,433
1,0,1,1,0,0,1,20260325,20260330,96
1,0,1,1,0,1,1,20260307,20260312,848
1,0,1,1,0,1,1,20260325,20260330,443
1,0,1,1,1,0,0,20260302,20260313,971
1,0,1,1,1,0,0,20260302,20260319,890
1,0,1,1,1,0,0,20260316,20260320,993
1,0,1,1,1,0,0,20260319,20260330,370
1,0,1,1,1,0,0,20260325,20260330,977
1,0,1,1,1,0,1,20260228,20260310,570
1,0,1,1,1,0,1,20260311,20260326,350
1,0,1,1,1,0,1,20260311,20260326,958
1,0,1,1,1,0,1,20260313,20260326,984
1,0,1,1,1,0,1,20260319,20260327,721
1,0,1,1,1,1,0,20260318,20260330,913
1,0,1,1,1,1,0,20260319,20260330,41
1,0,1,1,1,1,0,20260319,20260330,480
1,0,1,1,1,1,0,20260325,20260330,586
1,0,1,1,1,1,1,20260228,20260327,304
1,0,1,1,1,1,1,20260302,20260330,604
1,0,1,1,1,1,1,20260311,20260330,566
1,0,1,1,1,1,1,20260313,20260326,797
1,0,1,1,1,1,1,20260319,20260330,589
1,0,1,1,1,1,1,20260320,20260327,383
1,0,1,1,1,1,1,20260323,20260330,922
1,0,1,1,1,1,1,20260325,20260330,932
1,1,0,0,0,0,0,20260228,20260309,436
1,1,0,0,0,0,0,20260302,20260303,125
1,1,0,0,0,0,0,20260302,20260303,691
1,1,0,0,0,0,0,20260302,20260312,391
1,1,0,0,0,0,0,20260309,20260310,24
1,1,0,0,0,0,0,20260309,20260310,600
1,1,0,0,0,0,0,20260316,20260317,782
1,1,0,0,0,0,0,20260323,20260324,823
1,1,0,0,0,0,1,20260228,20260303,108
1,1,0,0,0,0,1,20260228,20260303,605
1,1,0,0,0,0,1,20260301,20260303,791
1,1,0,0,0,0,1,20260301,20260303,819
1,1,0,0,0,0,1,20260301,20260316,943
1,1,0,0,0,0,1,20260315,20260317,772
1,1,0,0,0,1,0,20260228,20260303,382
1,1,0,0,0,1,0,20260307,20260310,546
1,1,0,0,0,1,0,20260307,20260328,384
1,1,0,0,0,1,0,20260309,20260314,965
1,1,0,0,0,1,0,20260314,20260317,486
1,1,0,0,0,1,1,20260228,20260303,613
1,1,0,0,0,1,1,20260228,20260310,198
1,1,0,0,0,1,1,20260228,20260330,91
1,1,0,0,0,1,1,20260307,20260310,712
1,1,0,0,0,1,1,20260321,20260324,173
1,1,0,0,1,0,0,20260306,20260310,307
1,1,0,0,1,0,1,20260301,20260310,43
1,1,0,0,1,0,1,20260306,20260310,850
1,1,0,0,1,1,0,20260228,20260310,610
1,1,0,0,1,1,1,20260228,20260306,548
1,1,0,1,0,0,0,20260302,20260317,347
1,1,0,1,0,0,0,20260309,20260312,598
1,1,0,1,0,0,0,20260315,20260330,124
1,1,0,1,0,0,0,20260316,20260319,426
1,1,0,1,0,0,1,20260308,20260315,515
1,1,0,1,0,1,0,20260302,20260317,944
1,1,0,1,0,1,1,20260228,20260305,525
1,1,0,1,1,0,0,20260228,20260310,53
1,1,0,1,1,0,0,20260306,20260312,714
1,1,0,1,1,0,0,20260313,20260330,270
1,1,0,1,1,0,0,20260323,20260327,4
1,1,0,1,1,0,1,20260303,20260310,702
1,1,0,1,1,1,1,20260228,20260306,405
1,1,0,1,1,1,1,20260315,20260321,697
1,1,0,1,1,1,1,20260316,20260322,838
1,1,0,1,1,1,1,20260319,20260324,263
1,1,0,1,1,1,1,20260319,20260330,386
1,1,1,0,0,0,0,20260228,20260304,134
1,1,1,0,0,0,0,20260228,20260310,101
1,1,1,0,0,0,0,20260302,20260304,132
1,1,1,0,0,0,0,20260302,20260304,591
1,1,1,0,0,0,0,20260304,20260318,148
1,1,1,0,0,0,0,20260309,20260311,287
1,1,1,0,0,0,0,20260309,20260311,638
1,1,1,0,0,0,0,20260309,20260325,376
1,1,1,0,0,0,0,20260316,20260318,279
1,1,1,0,0,0,0,20260323,20260325,846
1,1,1,0,0,0,0,20260324,20260330,418
1,1,1,0,0,0,1,20260228,20260304,141
1,1,1,0,0,0,1,20260301,20260304,367
1,1,1,0,0,0,1,20260301,20260304,468
1,1,1,0,0,0,1,20260307,20260320,553
1,1,1,0,0,0,1,20260308,20260311,7
1,1,1,0,0,0,1,20260308,20260315,562
1,1,1,0,0,0,1,20260308,20260325,113
1,1,1,0,0,0,1,20260314,20260318,44
1,1,1,0,0,0,1,20260316,20260324,185
1,1,1,0,0,0,1,20260322,20260325,20
1,1,1,0,0,1,0,20260228,20260304,856
1,1,1,0,0,1,0,20260228,20260310,564
1,1,1,0,0,1,0,20260228,20260314,13
1,1,1,0,0,1,0,20260228,20260318,934
1,1,1,0,0,1,0,20260314,20260318,687
1,1,1,0,0,1,0,20260321,20260322,128
1,1,1,0,0,1,1,20260228,20260304,444
1,1,1,0,0,1,1,20260301,20260318,849
1,1,1,0,0,1,1,20260311,20260329,329
1,1,1,0,0,1,1,20260323,20260330,784
1,1,1,0,1,0,0,20260308,20260316,857
1,1,1,0,1,0,0,20260313,20260318,222
1,1,1,0,1,1,0,20260228,20260330,641
1,1,1,0,1,1,0,20260307,20260318,753
1,1,1,0,1,1,0,20260309,20260315,292
1,1,1,0,1,1,0,20260309,20260315,647
1,1,1,0,1,1,0,20260314,20260315,423
1,1,1,0,1,1,1,20260228,20260315,414
1,1,1,0,1,1,1,20260228,20260318,205
1,1,1,0,1,1,1,20260228,20260318,545
1,1,1,0,1,1,1,20260228,20260318,634
1,1,1,0,1,1,1,20260302,20260316,581
1,1,1,0,1,1,1,20260307,20260315,820
1,1,1,0,1,1,1,20260307,20260322,704
1,1,1,0,1,1,1,20260308,20260315,651
1,1,1,0,1,1,1,20260308,20260330,776
1,1,1,0,1,1,1,20260309,20260330,265
1,1,1,0,1,1,1,20260314,20260315,216
1,1,1,0,1,1,1,20260320,20260330,981
1,1,1,0,1,1,1,20260321,20260327,354
1,1,1,0,1,1,1,20260321,20260329,828
1,1,1,0,1,1,1,20260323,20260330,308
1,1,1,0,1,1,1,20260327,20260329,659
1,1,1,1,0,0,0,20260228,20260316,679
1,1,1,1,0,0,0,20260228,20260319,116
1,1,1,1,0,0,0,20260228,20260330,657
1,1,1,1,0,0,0,20260301,20260327,282
1,1,1,1,0,0,0,20260302,20260305,560
1,1,1,1,0,0,0,20260302,20260312,648
1,1,1,1,0,0,0,20260302,20260313,165
1,1,1,1,0,0,0,20260302,20260319,50
1,1,1,1,0,0,0,20260302,20260319,627
1,1,1,1,0,0,0,20260302,20260319,669
1,1,1,1,0,0,0,20260302,20260319,703
1,1,1,1,0,0,0,20260302,20260326,748
1,1,1,1,0,0,0,20260302,20260327,732
1,1,1,1,0,0,0,20260302,20260330,138
1,1,1,1,0,0,0,20260302,20260330,194
1,1,1,1,0,0,0,20260302,20260330,575
1,1,1,1,0,0,0,20260302,20260330,62
1,1,1,1,0,0,0,20260302,20260330,925
1,1,1,1,0,0,0,20260302,20260330,937
1,1,1,1,0,0,0,20260304,20260319,186
1,1,1,1,0,0,0,20260307,20260315,271
1,1,1,1,0,0,0,20260307,20260319,291
1,1,1,1,0,0,0,20260309,20260312,204
1,1,1,1,0,0,0,20260311,20260326,858
1,1,1,1,0,0,0,20260312,20260318,724
1,1,1,1,0,0,0,20260313,20260330,516
1,1,1,1,0,0,0,20260316,20260319,45
1,1,1,1,0,0,0,20260316,20260324,437
1,1,1,1,0,0,0,20260318,20260319,583
1,1,1,1,0,0,0,20260319,20260330,539
1,1,1,1,0,0,0,20260319,20260330,734
1,1,1,1,0,0,0,20260323,20260326,799
1,1,1,1,0,0,0,20260323,20260330,743
1,1,1,1,0,0,1,20260228,20260305,274
1,1,1,1,0,0,1,20260228,20260305,755
1,1,1,1,0,0,1,20260228,20260310,910
1,1,1,1,0,0,1,20260301,20260305,916
1,1,1,1,0,0,1,20260301,20260312,171
1,1,1,1,0,0,1,20260301,20260319,272
1,1,1,1,0,0,1,20260301,20260330,195
1,1,1,1,0,0,1,20260301,20260330,829
1,1,1,1,0,0,1,20260301,20260330,914
1,1,1,1,0,0,1,20260302,20260325,438
1,1,1,1,0,0,1,20260308,20260312,250
1,1,1,1,0,0,1,20260315,20260319,363
1,1,1,1,0,0,1,20260322,20260330,843
1,1,1,1,0,1,0,20260228,20260305,346
1,1,1,1,0,1,0,20260228,20260330,187
1,1,1,1,0,1,0,20260228,20260330,240
1,1,1,1,0,1,0,20260228,20260330,351
1,1,1,1,0,1,0,20260228,20260330,509
1,1,1,1,0,1,0,20260309,20260314,503
1,1,1,1,0,1,0,20260309,20260315,193
1,1,1,1,0,1,0,20260314,20260319,61
1,1,1,1,0,1,0,20260323,20260330,338
1,1,1,1,0,1,0,20260328,20260330,639
1,1,1,1,0,1,1,20260228,20260305,247
1,1,1,1,0,1,1,20260228,20260310,514
1,1,1,1,0,1,1,20260228,20260312,415
1,1,1,1,0,1,1,20260228,20260316,106
1,1,1,1,0,1,1,20260228,20260316,364
1,1,1,1,0,1,1,20260228,20260318,718
1,1,1,1,0,1,1,20260228,20260318,956
1,1,1,1,0,1,1,20260228,20260319,109
1,1,1,1,0,1,1,20260228,20260319,26
1,1,1,1,0,1,1,20260228,20260319,33
1,1,1,1,0,1,1,20260228,20260319,930
1,1,1,1,0,1,1,20260228,20260326,994
1,1,1,1,0,1,1,20260307,20260312,794
1,1,1,1,0,1,1,20260307,20260319,656
1,1,1,1,0,1,1,20260308,20260330,978
1,1,1,1,0,1,1,20260309,20260315,117
1,1,1,1,0,1,1,20260311,20260330,306
1,1,1,1,0,1,1,20260314,20260319,927
1,1,1,1,0,1,1,20260314,20260322,974
1,1,1,1,0,1,1,20260319,20260330,260
1,1,1,1,0,1,1,20260320,20260330,851
1,1,1,1,0,1,1,20260321,20260326,313
1,1,1,1,0,1,1,20260321,20260330,963
1,1,1,1,1,0,0,20260228,20260310,571
1,1,1,1,1,0,0,20260228,20260313,887
1,1,1,1,1,0,0,20260228,20260318,310
1,1,1,1,1,0,0,20260228,20260325,494
1,1,1,1,1,0,0,20260228,20260327,293
1,1,1,1,1,0,0,20260228,20260327,413
1,1,1,1,1,0,0,20260228,20260327,667
1,1,1,1,1,0,0,20260228,20260327,763
1,1,1,1,1,0,0,20260228,20260327,786
1,1,1,1,1,0,0,20260302,20260306,110
1,1,1,1,1,0,0,20260302,20260310,918
1,1,1,1,1,0,0,20260302,20260311,590
1,1,1,1,1,0,0,20260302,20260313,114
1,1,1,1,1,0,0,20260302,20260313,389
1,1,1,1,1,0,0,20260302,20260313,713
1,1,1,1,1,0,0,20260302,20260318,257
1,1,1,1,1,0,0,20260302,20260318,903
1,1,1,1,1,0,0,20260302,20260319,808
1,1,1,1,1,0,0,20260302,20260320,144
1,1,1,1,1,0,0,20260302,20260320,330
1,1,1,1,1,0,0,20260302,20260326,277
1,1,1,1,1,0,0,20260302,20260327,585
1,1,1,1,1,0,0,20260302,20260327,812
1,1,1,1,1,0,0,20260302,20260327,825
1,1,1,1,1,0,0,20260302,20260330,258
1,1,1,1,1,0,0,20260302,20260330,302
1,1,1,1,1,0,0,20260302,20260330,331
1,1,1,1,1,0,0,20260302,20260330,345
1,1,1,1,1,0,0,20260302,20260330,393
1,1,1,1,1,0,0,20260302,20260330,439
1,1,1,1,1,0,0,20260302,20260330,517
1,1,1,1,1,0,0,20260302,20260330,601
1,1,1,1,1,0,0,20260302,20260330,68
1,1,1,1,1,0,0,20260302,20260330,699
1,1,1,1,1,0,0,20260302,20260330,760
1,1,1,1,1,0,0,20260302,20260330,860
1,1,1,1,1,0,0,20260302,20260330,894
1,1,1,1,1,0,0,20260302,20260330,938
1,1,1,1,1,0,0,20260302,20260330,957
1,1,1,1,1,0,0,20260302,20260330,964
1,1,1,1,1,0,0,20260303,20260318,543
1,1,1,1,1,0,0,20260304,20260319,232
1,1,1,1,1,0,0,20260304,20260319,840
1,1,1,1,1,0,0,20260304,20260319,872
1,1,1,1,1,0,0,20260304,20260325,149
1,1,1,1,1,0,0,20260304,20260327,455
1,1,1,1,1,0,0,20260304,20260330,751
1,1,1,1,1,0,0,20260304,20260330,807
1,1,1,1,1,0,0,20260306,20260313,824
1,1,1,1,1,0,0,20260307,20260318,342
1,1,1,1,1,0,0,20260307,20260319,527
1,1,1,1,1,0,0,20260307,20260330,951
1,1,1,1,1,0,0,20260309,20260313,118
1,1,1,1,1,0,0,20260309,20260313,399
1,1,1,1,1,0,0,20260309,20260313,999
1,1,1,1,1,0,0,20260309,20260318,58
1,1,1,1,1,0,0,20260309,20260319,745
1,1,1,1,1,0,0,20260309,20260320,311
1,1,1,1,1,0,0,20260309,20260328,392
1,1,1,1,1,0,0,20260309,20260330,1001
1,1,1,1,1,0,0,20260311,20260318,579
1,1,1,1,1,0,0,20260311,20260324,484
1,1,1,1,1,0,0,20260311,20260326,955
1,1,1,1,1,0,0,20260311,20260327,630
1,1,1,1,1,0,0,20260311,20260330,826
1,1,1,1,1,0,0,20260312,20260320,793
1,1,1,1,1,0,0,20260312,20260327,107
1,1,1,1,1,0,0,20260313,20260330,738
1,1,1,1,1,0,0,20260314,20260320,93
1,1,1,1,1,0,0,20260316,20260320,11
1,1,1,1,1,0,0,20260316,20260324,174
1,1,1,1,1,0,0,20260316,20260325,498
1,1,1,1,1,0,0,20260316,20260327,674
1,1,1,1,1,0,0,20260316,20260330,150
1,1,1,1,1,0,0,20260318,20260320,949
1,1,1,1,1,0,0,20260318,20260330,103
1,1,1,1,1,0,0,20260319,20260330,233
1,1,1,1,1,0,0,20260320,20260327,176
1,1,1,1,1,0,0,20260320,20260328,445
1,1,1,1,1,0,0,20260320,20260329,777
1,1,1,1,1,0,0,20260320,20260330,388
1,1,1,1,1,0,0,20260320,20260330,863
1,1,1,1,1,0,0,20260323,20260327,769
1,1,1,1,1,0,0,20260323,20260327,773
1,1,1,1,1,0,0,20260323,20260330,254
1,1,1,1,1,0,0,20260323,20260330,852
1,1,1,1,1,0,0,20260324,20260330,435
1,1,1,1,1,0,0,20260326,20260330,869
1,1,1,1,1,0,1,20260228,20260306,531
1,1,1,1,1,0,1,20260228,20260306,81
1,1,1,1,1,0,1,20260228,20260308,400
1,1,1,1,1,0,1,20260228,20260310,450
1,1,1,1,1,0,1,20260301,20260306,487
1,1,1,1,1,0,1,20260301,20260306,844
1,1,1,1,1,0,1,20260301,20260308,789
1,1,1,1,1,0,1,20260301,20260310,893
1,1,1,1,1,0,1,20260301,20260313,985
1,1,1,1,1,0,1,20260301,20260318,199
1,1,1,1,1,0,1,20260301,20260318,434
1,1,1,1,1,0,1,20260301,20260319,623
1,1,1,1,1,0,1,20260301,20260322,453
1,1,1,1,1,0,1,20260301,20260322,686
1,1,1,1,1,0,1,20260301,20260322,917
1,1,1,1,1,0,1,20260301,20260326,157
1,1,1,1,1,0,1,20260301,20260330,163
1,1,1,1,1,0,1,20260301,20260330,497
1,1,1,1,1,0,1,20260301,20260330,507
1,1,1,1,1,0,1,20260301,20260330,959
1,1,1,1,1,0,1,20260302,20260329,479
1,1,1,1,1,0,1,20260304,20260322,42
1,1,1,1,1,0,1,20260304,20260322,608
1,1,1,1,1,0,1,20260304,20260330,305
1,1,1,1,1,0,1,20260304,20260330,359
1,1,1,1,1,0,1,20260308,20260319,158
1,1,1,1,1,0,1,20260308,20260322,524
1,1,1,1,1,0,1,20260308,20260330,644
1,1,1,1,1,0,1,20260309,20260330,241
1,1,1,1,1,0,1,20260311,20260330,314
1,1,1,1,1,0,1,20260312,20260325,654
1,1,1,1,1,0,1,20260312,20260330,485
1,1,1,1,1,0,1,20260315,20260330,976
1,1,1,1,1,0,1,20260320,20260326,131
1,1,1,1,1,0,1,20260320,20260327,716
1,1,1,1,1,0,1,20260320,20260330,689
1,1,1,1,1,0,1,20260322,20260327,534
1,1,1,1,1,0,1,20260322,20260327,698
1,1,1,1,1,0,1,20260323,20260330,283
1,1,1,1,1,1,0,20260228,20260306,836
1,1,1,1,1,1,0,20260228,20260307,619
1,1,1,1,1,1,0,20260228,20260310,775
1,1,1,1,1,1,0,20260228,20260313,451
1,1,1,1,1,1,0,20260228,20260314,22
1,1,1,1,1,1,0,20260228,20260315,806
1,1,1,1,1,1,0,20260228,20260319,842
1,1,1,1,1,1,0,20260228,20260320,693
1,1,1,1,1,1,0,20260228,20260321,685
1,1,1,1,1,1,0,20260228,20260321,861
1,1,1,1,1,1,0,20260228,20260322,742
1,1,1,1,1,1,0,20260228,20260325,385
1,1,1,1,1,1,0,20260228,20260327,896
1,1,1,1,1,1,0,20260228,20260330,105
1,1,1,1,1,1,0,20260228,20260330,119
1,1,1,1,1,1,0,20260228,20260330,192
1,1,1,1,1,1,0,20260228,20260330,226
1,1,1,1,1,1,0,20260228,20260330,407
1,1,1,1,1,1,0,20260228,20260330,422
1,1,1,1,1,1,0,20260228,20260330,432
1,1,1,1,1,1,0,20260228,20260330,554
1,1,1,1,1,1,0,20260302,20260319,624
1,1,1,1,1,1,0,20260302,20260320,488
1,1,1,1,1,1,0,20260302,20260321,328
1,1,1,1,1,1,0,20260302,20260327,63
1,1,1,1,1,1,0,20260302,20260328,207
1,1,1,1,1,1,0,20260302,20260330,159
1,1,1,1,1,1,0,20260302,20260330,215
1,1,1,1,1,1,0,20260304,20260330,219
1,1,1,1,1,1,0,20260306,20260313,926
1,1,1,1,1,1,0,20260307,20260313,628
1,1,1,1,1,1,0,20260307,20260314,847
1,1,1,1,1,1,0,20260307,20260314,880
1,1,1,1,1,1,0,20260307,20260315,9
1,1,1,1,1,1,0,20260307,20260318,599
1,1,1,1,1,1,0,20260307,20260321,655
1,1,1,1,1,1,0,20260307,20260327,939
1,1,1,1,1,1,0,20260307,20260330,493
1,1,1,1,1,1,0,20260309,20260314,983
1,1,1,1,1,1,0,20260309,20260315,544
1,1,1,1,1,1,0,20260309,20260315,891
1,1,1,1,1,1,0,20260309,20260330,325
1,1,1,1,1,1,0,20260309,20260330,409
1,1,1,1,1,1,0,20260309,20260330,666
1,1,1,1,1,1,0,20260309,20260330,723
1,1,1,1,1,1,0,20260310,20260320,758
1,1,1,1,1,1,0,20260310,20260327,98
1,1,1,1,1,1,0,20260311,20260326,580
1,1,1,1,1,1,0,20260314,20260330,66
1,1,1,1,1,1,0,20260316,20260321,224
1,1,1,1,1,1,0,20260316,20260324,253
1,1,1,1,1,1,0,20260316,20260330,80
1,1,1,1,1,1,0,20260317,20260324,770
1,1,1,1,1,1,0,20260317,20260330,48
1,1,1,1,1,1,0,20260318,20260330,164
1,1,1,1,1,1,0,20260319,20260330,567
1,1,1,1,1,1,0,20260319,20260330,736
1,1,1,1,1,1,0,20260320,20260327,982
1,1,1,1,1,1,0,20260320,20260330,454
1,1,1,1,1,1,0,20260321,20260327,565
1,1,1,1,1,1,0,20260321,20260330,677
1,1,1,1,1,1,0,20260323,20260330,533
1,1,1,1,1,1,1,20260228,20260306,695
1,1,1,1,1,1,1,20260228,20260307,504
1,1,1,1,1,1,1,20260228,20260308,191
1,1,1,1,1,1,1,20260228,20260308,813
1,1,1,1,1,1,1,20260228,20260308,992
1,1,1,1,1,1,1,20260228,20260310,374
1,1,1,1,1,1,1,20260228,20260313,90
1,1,1,1,1,1,1,20260228,20260315,115
1,1,1,1,1,1,1,20260228,20260315,456
1,1,1,1,1,1,1,20260228,20260315,761
1,1,1,1,1,1,1,20260228,20260318,284
1,1,1,1,1,1,1,20260228,20260318,495
1,1,1,1,1,1,1,20260228,20260318,945
1,1,1,1,1,1,1,20260228,20260319,178
1,1,1,1,1,1,1,20260228,20260319,200
1,1,1,1,1,1,1,20260228,20260319,242
1,1,1,1,1,1,1,20260228,20260319,255
1,1,1,1,1,1,1,20260228,20260319,27
1,1,1,1,1,1,1,20260228,20260319,361
1,1,1,1,1,1,1,20260228,20260319,380
1,1,1,1,1,1,1,20260228,20260322,402
1,1,1,1,1,1,1,20260228,20260322,416
1,1,1,1,1,1,1,20260228,20260322,499
1,1,1,1,1,1,1,20260228,20260322,5
1,1,1,1,1,1,1,20260228,20260322,505
1,1,1,1,1,1,1,20260228,20260322,696
1,1,1,1,1,1,1,20260228,20260326,460
1,1,1,1,1,1,1,20260228,20260327,394
1,1,1,1,1,1,1,20260228,20260327,475
1,1,1,1,1,1,1,20260228,20260327,478
1,1,1,1,1,1,1,20260228,20260327,483
1,1,1,1,1,1,1,20260228,20260327,576
1,1,1,1,1,1,1,20260228,20260327,646
1,1,1,1,1,1,1,20260228,20260327,710
1,1,1,1,1,1,1,20260228,20260327,729
1,1,1,1,1,1,1,20260228,20260327,876
1,1,1,1,1,1,1,20260228,20260330,111
1,1,1,1,1,1,1,20260228,20260330,139
1,1,1,1,1,1,1,20260228,20260330,217
1,1,1,1,1,1,1,20260228,20260330,252
1,1,1,1,1,1,1,20260228,20260330,317
1,1,1,1,1,1,1,20260228,20260330,339
1,1,1,1,1,1,1,20260228,20260330,429
1,1,1,1,1,1,1,20260228,20260330,491
1,1,1,1,1,1,1,20260228,20260330,496
1,1,1,1,1,1,1,20260228,20260330,500
1,1,1,1,1,1,1,20260228,20260330,522
1,1,1,1,1,1,1,20260228,20260330,631
1,1,1,1,1,1,1,20260228,20260330,637
1,1,1,1,1,1,1,20260228,20260330,64
1,1,1,1,1,1,1,20260228,20260330,671
1,1,1,1,1,1,1,20260228,20260330,739
1,1,1,1,1,1,1,20260228,20260330,821
1,1,1,1,1,1,1,20260228,20260330,915
1,1,1,1,1,1,1,20260228,20260330,923
1,1,1,1,1,1,1,20260228,20260330,948
1,1,1,1,1,1,1,20260301,20260310,950
1,1,1,1,1,1,1,20260301,20260318,929
1,1,1,1,1,1,1,20260301,20260319,213
1,1,1,1,1,1,1,20260301,20260322,151
1,1,1,1,1,1,1,20260301,20260322,574
1,1,1,1,1,1,1,20260301,20260322,935
1,1,1,1,1,1,1,20260301,20260327,360
1,1,1,1,1,1,1,20260301,20260330,815
1,1,1,1,1,1,1,20260301,20260330,883
1,1,1,1,1,1,1,20260302,20260322,15
1,1,1,1,1,1,1,20260302,20260322,268
1,1,1,1,1,1,1,20260302,20260324,142
1,1,1,1,1,1,1,20260302,20260324,870
1,1,1,1,1,1,1,20260302,20260327,209
1,1,1,1,1,1,1,20260302,20260330,196
1,1,1,1,1,1,1,20260302,20260330,542
1,1,1,1,1,1,1,20260302,20260330,675
1,1,1,1,1,1,1,20260303,20260310,892
1,1,1,1,1,1,1,20260303,20260313,919
1,1,1,1,1,1,1,20260303,20260324,800
1,1,1,1,1,1,1,20260303,20260330,172
1,1,1,1,1,1,1,20260304,20260310,508
1,1,1,1,1,1,1,20260304,20260319,830
1,1,1,1,1,1,1,20260304,20260322,884
1,1,1,1,1,1,1,20260304,20260326,595
1,1,1,1,1,1,1,20260304,20260327,381
1,1,1,1,1,1,1,20260304,20260327,678
1,1,1,1,1,1,1,20260304,20260330,719
1,1,1,1,1,1,1,20260304,20260330,995
1,1,1,1,1,1,1,20260306,20260312,262
1,1,1,1,1,1,1,20260306,20260319,211
1,1,1,1,1,1,1,20260306,20260330,946
1,1,1,1,1,1,1,20260307,20260313,46
1,1,1,1,1,1,1,20260307,20260315,197
1,1,1,1,1,1,1,20260307,20260317,75
1,1,1,1,1,1,1,20260307,20260319,373
1,1,1,1,1,1,1,20260307,20260320,802
1,1,1,1,1,1,1,20260307,20260322,428
1,1,1,1,1,1,1,20260307,20260325,835
1,1,1,1,1,1,1,20260307,20260326,996
1,1,1,1,1,1,1,20260307,20260327,344
1,1,1,1,1,1,1,20260307,20260327,881
1,1,1,1,1,1,1,20260307,20260330,175
1,1,1,1,1,1,1,20260307,20260330,299
1,1,1,1,1,1,1,20260307,20260330,779
1,1,1,1,1,1,1,20260307,20260330,95
1,1,1,1,1,1,1,20260308,20260314,49
1,1,1,1,1,1,1,20260308,20260314,997
1,1,1,1,1,1,1,20260308,20260317,871
1,1,1,1,1,1,1,20260308,20260318,129
1,1,1,1,1,1,1,20260308,20260322,875
1,1,1,1,1,1,1,20260308,20260323,170
1,1,1,1,1,1,1,20260308,20260328,540
1,1,1,1,1,1,1,20260308,20260330,234
1,1,1,1,1,1,1,20260308,20260330,349
1,1,1,1,1,1,1,20260308,20260330,397
1,1,1,1,1,1,1,20260308,20260330,853
1,1,1,1,1,1,1,20260309,20260315,56
1,1,1,1,1,1,1,20260309,20260320,424
1,1,1,1,1,1,1,20260309,20260322,482
1,1,1,1,1,1,1,20260309,20260327,609
1,1,1,1,1,1,1,20260309,20260329,332
1,1,1,1,1,1,1,20260309,20260329,466
1,1,1,1,1,1,1,20260309,20260330,375
1,1,1,1,1,1,1,20260309,20260330,492
1,1,1,1,1,1,1,20260309,20260330,551
1,1,1,1,1,1,1,20260311,20260327,795
1,1,1,1,1,1,1,20260311,20260330,417
1,1,1,1,1,1,1,20260312,20260322,523
1,1,1,1,1,1,1,20260312,20260327,99
1,1,1,1,1,1,1,20260313,20260319,275
1,1,1,1,1,1,1,20260313,20260327,594
1,1,1,1,1,1,1,20260314,20260320,473
1,1,1,1,1,1,1,20260314,20260320,664
1,1,1,1,1,1,1,20260314,20260327,907
1,1,1,1,1,1,1,20260314,20260330,17
1,1,1,1,1,1,1,20260314,20260330,642
1,1,1,1,1,1,1,20260315,20260321,817
1,1,1,1,1,1,1,20260316,20260324,104
1,1,1,1,1,1,1,20260317,20260324,143
1,1,1,1,1,1,1,20260318,20260325,296
1,1,1,1,1,1,1,20260319,20260327,404
1,1,1,1,1,1,1,20260319,20260330,446
1,1,1,1,1,1,1,20260320,20260326,814
1,1,1,1,1,1,1,20260320,20260327,521
1,1,1,1,1,1,1,20260320,20260330,127
1,1,1,1,1,1,1,20260321,20260327,130
1,1,1,1,1,1,1,20260321,20260330,989
1,1,1,1,1,1,1,20260323,20260330,126
1,1,1,1,1,1,1,20260323,20260330,73
1,1,1,1,1,1,1,20260323,20260330,832
1,1,1,1,1,1,1,20260324,20260330,315
1,1,1,1,1,1,1,20260328,20260329,316
1,1,1,1,1,1,1,20260328,20260329,809
1,1,1,1,1,1,1,20260328,20260330,156
