route_id,service_id,trip_id
1,110,405172
1,230,200856
1,312,346854
1,363,1101034
1,37,385781
1,491,1497924
1,596,1594425
1,596,656286
1,639,377622
1,875,284168
10,136,1408081
10,145,470205
10,166,1189904
10,166,840484
10,259,817523
10,267,1184328
10,291,274802
10,301,639636
10,39,231400
10,428,1142033
10,428,1144516
10,428,1373628
10,428,229666
10,428,283635
10,428,697751
10,461,263982
10,481,1322324
10,533,498647
10,584,1304128
10,662,535869
10,695,1345507
10,696,102019
10,696,1160952
10,696,1506120
10,707,455226
10,743,14571
10,771,419977
10,832,1209191
10,832,1328468
10,832,232313
10,832,346333
10,832,452887
10,875,1114817
10,922,1627407
10,952,1265784
10,966,1334222
10,997,378055
11,110,1545478
11,132,1440460
11,132,459279
11,144,1130337
11,147,1627208
11,152,761349
11,166,314254
11,166,419717
11,184,1514351
11,203,298699
11,203,511549
11,203,567171
11,203,604013
11,218,1337791
11,218,1496262
11,23,467145
11,23,936404
11,230,82695
11,246,1430866
11,246,323556
11,246,388057
11,246,408889
11,246,43948
11,247,1523390
11,249,1600383
11,249,692306
11,25,1026594
11,25,1064219
11,25,1459482
11,25,315032
11,25,338766
11,25,732946
11,251,833653
11,254,280384
11,266,1256130
11,266,1556887
11,279,701207
11,279,969458
11,285,1069387
11,285,1076021
11,285,1192064
11,285,133754
11,285,143595
11,285,1451162
11,285,47361
11,285,496486
11,285,530351
11,285,598163
11,285,930080
11,285,977039
11,288,26351
11,288,538785
11,288,870049
11,299,1095855
11,303,1019070
11,303,1524606
11,303,238287
11,303,503273
11,303,833934
11,308,318596
11,312,1583380
11,312,416383
11,312,522386
11,315,1117263
11,321,1532329
11,362,464919
11,366,672372
11,37,136328
11,37,564890
11,37,752927
11,403,1617042
11,408,274739
11,409,135537
11,411,106503
11,428,1327655
11,428,139434
11,428,1444887
11,428,1477403
11,428,1493559
11,428,220723
11,428,265872
11,428,349902
11,428,482212
11,428,69226
11,428,703720
11,428,847627
11,435,1020097
11,461,1521761
11,469,34448
11,469,885008
11,47,1337541
11,513,666113
11,513,863351
11,532,667304
11,533,64748
11,555,257061
11,555,948454
11,558,1498981
11,572,1191955
11,578,162292
11,596,288218
11,596,722162
11,596,736769
11,596,872848
11,596,883952
11,597,1261530
11,597,134550
11,60,787037
11,600,1540395
11,600,838005
11,614,65018
11,614,889855
11,626,1169847
11,626,1511311
11,626,806086
11,645,23876
11,655,102834
11,662,644112
11,662,681064
11,662,704891
11,673,1602151
11,685,934635
11,695,1487695
11,695,1571669
11,695,272468
11,695,320571
11,695,414337
11,695,439871
11,695,443391
11,695,512317
11,695,718261
11,695,897346
11,696,1593164
11,724,1568373
11,727,812994
11,744,111982
11,749,293862
11,750,1265075
11,750,182992
11,757,1061185
11,757,1290150
11,757,1316834
11,757,1346951
11,757,150847
11,757,402235
11,757,432010
11,757,5223
11,757,54328
11,757,557255
11,757,629620
11,757,95333
11,757,997272
11,771,1489831
11,771,806335
11,779,619466
11,784,1073559
11,784,1246748
11,804,1491705
11,804,461324
11,805,1518104
11,805,294369
11,805,466318
11,82,1066126
11,82,234441
11,82,566213
11,82,805684
11,820,1605174
11,823,1370872
11,832,1032293
11,832,108076
11,832,1137264
11,832,1184765
11,832,1186726
11,832,125598
11,832,144089
11,832,1570609
11,832,492480
11,832,715085
11,832,858447
11,832,918583
11,837,172239
11,844,1355897
11,844,1463504
11,844,352213
11,844,419474
11,844,754246
11,868,578925
11,931,1002530
11,931,107626
11,931,1178836
11,931,331212
11,931,43221
11,931,492565
11,931,934199
11,940,1291329
11,940,161559
11,940,235304
11,95,1154136
11,95,1406914
11,95,1487154
11,95,248103
11,95,258784
11,95,397828
11,95,424494
11,95,520053
11,95,592509
11,95,700119
11,95,733411
11,95,906816
11,986,345610
12,102,69184
12,123,1485084
12,130,1366971
12,131,1562310
12,147,439992
12,147,66157
12,147,731918
12,152,1107747
12,166,1153833
12,166,846850
12,169,854515
12,173,1584770
12,176,424629
12,19,1153328
12,19,817450
12,201,1512573
12,201,326043
12,203,1231158
12,203,761178
12,218,428144
12,218,564683
12,23,952331
12,246,1277940
12,249,678635
12,25,1244968
12,25,1411103
12,25,1463198
12,25,1625603
12,25,85702
12,251,1475800
12,251,1507058
12,251,284514
12,251,605518
12,264,652315
12,266,1352336
12,279,1042564
12,279,120100
12,279,1230051
12,279,556130
12,279,633562
12,285,1556510
12,285,206372
12,288,1632586
12,288,966345
12,318,1417172
12,320,1421776
12,333,201117
12,333,576746
12,333,998753
12,354,1414181
12,362,585855
12,362,639515
12,362,799540
12,374,1292498
12,374,247173
12,374,451142
12,374,494499
12,374,516438
12,374,800325
12,374,957257
12,404,1586849
12,436,172165
12,441,1110966
12,441,1163139
12,441,591722
12,441,721980
12,441,867998
12,45,1025209
12,45,102884
12,45,1335544
12,45,1340415
12,45,1569952
12,45,240262
12,45,31683
12,45,989202
12,451,1400585
12,454,1236669
12,459,1040151
12,459,1149168
12,459,1262492
12,459,1552172
12,459,1600266
12,459,1614846
12,459,240746
12,459,311335
12,459,314501
12,459,501520
12,459,656980
12,459,741379
12,506,824996
12,506,893403
12,506,977241
12,508,1417226
12,51,169096
12,513,1351177
12,513,818998
12,514,1342812
12,514,658561
12,521,1081244
12,521,1086026
12,521,1365295
12,521,1437343
12,521,1459687
12,521,1465878
12,521,1520760
12,521,845451
12,521,91270
12,535,683788
12,561,1055266
12,570,51451
12,579,1552165
12,596,1432708
12,596,23731
12,597,428247
12,600,637915
12,61,621115
12,613,1205812
12,630,1530498
12,645,6355
12,645,677378
12,65,470588
12,650,1049698
12,650,1068774
12,650,115037
12,650,1177653
12,650,1205514
12,650,1465024
12,650,1485056
12,650,1537432
12,650,1559083
12,650,1626715
12,650,171590
12,650,220754
12,650,281354
12,650,374696
12,650,388704
12,650,399584
12,650,447360
12,650,494398
12,650,59914
12,650,676359
12,650,688284
12,650,706576
12,650,735731
12,650,837274
12,650,917858
12,650,986661
12,650,995360
12,662,1288580
12,662,193090
12,662,213023
12,662,531460
12,662,646553
12,662,92743
12,663,1232408
12,667,1213724
12,69,291833
12,69,337610
12,721,546427
12,757,866794
12,771,1145913
12,771,1331547
12,771,168453
12,771,640928
12,775,1446527
12,78,1074882
12,78,1224645
12,78,1377982
12,78,615718
12,78,872112
12,790,218639
12,82,1603199
12,834,1238368
12,837,1193454
12,837,1219946
12,837,1493061
12,837,1626826
12,837,309093
12,837,457381
12,837,496495
12,84,1076516
12,84,1217549
12,84,1303116
12,84,1558789
12,84,475970
12,84,530889
12,84,541499
12,84,726542
12,84,841305
12,84,923649
12,844,1504143
12,851,944529
12,855,607909
12,855,713976
12,855,890115
12,887,1056572
12,892,168166
12,893,197303
12,897,793585
12,897,961516
12,908,1199878
12,912,1007223
12,912,684769
12,918,1205754
12,924,1271745
12,940,1128145
12,940,510985
12,942,1476039
12,950,1431266
12,970,1305059
12,970,164892
12,982,616808
12,987,731609
13,100,861213
13,102,1194703
13,102,1452266
13,102,1603438
13,102,391091
13,102,728325
13,106,137721
13,112,1327261
13,125,465887
13,125,754330
13,127,1244833
13,127,226835
13,127,708773
13,127,746243
13,127,773928
13,136,1090809
13,136,742840
13,147,1194053
13,147,1197673
13,147,1468282
13,147,736942
13,152,1016461
13,152,1424229
13,162,730862
13,166,1169410
13,166,1177593
13,166,1414643
13,200,1109087
13,200,213093
13,203,1497281
13,203,1536554
13,203,652946
13,208,211329
13,21,704631
13,218,1542887
13,218,639152
13,23,1071780
13,23,1329497
13,23,640129
13,246,1447290
13,246,538485
13,246,586521
13,246,860193
13,247,1348427
13,249,1505603
13,249,816077
13,25,119759
13,25,148551
13,25,29790
13,25,61068
13,261,438809
13,266,1191725
13,266,1297012
13,266,151663
13,266,1531427
13,266,26127
13,266,487642
13,266,809269
13,279,1417990
13,285,1454701
13,285,349804
13,285,558199
13,285,941541
13,288,1294389
13,288,329562
13,29,918489
13,292,145927
13,3,824756
13,303,1224339
13,303,443174
13,312,1184777
13,320,258427
13,342,323002
13,35,3820
13,362,1122584
13,362,1133457
13,362,1205466
13,362,707757
13,362,73707
13,362,912320
13,362,952410
13,37,157000
13,373,1584709
13,373,44787
13,373,543189
13,380,1094393
13,382,1100553
13,388,1530021
13,388,212039
13,388,340474
13,388,562038
13,388,625316
13,390,1399977
13,392,1359994
13,408,1310764
13,408,1323376
13,408,311404
13,420,866928
13,431,23337
13,441,790170
13,441,836726
13,445,303862
13,446,174285
13,459,1291784
13,459,1467379
13,459,36236
13,459,623104
13,459,720974
13,476,239540
13,506,1212601
13,506,321015
13,513,1539970
13,513,47090
13,513,523162
13,513,556392
13,513,826327
13,527,1373227
13,527,573148
13,527,931912
13,535,1124511
13,535,170977
13,535,171342
13,535,702216
13,535,823327
13,555,1244050
13,556,1488685
13,562,566355
13,596,1029090
13,596,1272476
13,596,1282333
13,596,78181
13,597,295765
13,60,1623789
13,613,1053779
13,613,1175652
13,613,267325
13,613,783619
13,613,925961
13,613,928247
13,637,1200043
13,637,874700
13,645,1425601
13,645,658353
13,652,165539
13,656,629460
13,662,1259984
13,662,1477490
13,662,550563
13,662,628993
13,695,722107
13,741,1195278
13,749,774293
13,750,1048081
13,750,572341
13,753,476920
13,756,682548
13,757,1473456
13,757,571323
13,77,689888
13,771,1208192
13,771,13134
13,771,1417749
13,771,251649
13,771,683700
13,772,880610
13,78,1403584
13,78,707874
13,82,1162222
13,82,1613845
13,82,1617412
13,82,703122
13,82,833496
13,831,1400782
13,831,1458463
13,831,1499299
13,831,479844
13,836,1247983
13,837,1097722
13,837,1435143
13,837,21220
13,837,42287
13,846,709789
13,905,850365
13,908,1078705
13,908,1633453
13,940,1534863
13,940,1550940
13,940,224222
13,940,333724
13,942,1337204
13,942,28374
13,942,602416
13,942,621091
13,947,1050209
13,953,580194
13,954,473987
13,963,1567745
13,972,517733
13,981,356924
13,989,439193
14,104,1270723
14,104,1393546
14,104,243168
14,104,556553
14,104,622719
14,104,731333
14,104,744949
14,117,1049344
14,143,1236387
14,143,191509
14,147,1246738
14,147,1394119
14,174,1295369
14,174,786094
14,185,469868
14,193,600304
14,197,1034560
14,197,270384
14,203,261359
14,203,744563
14,218,929624
14,22,323314
14,22,496270
14,247,252034
14,247,940960
14,251,528434
14,251,587464
14,251,864018
14,253,1076666
14,253,296715
14,253,704510
14,266,1614683
14,288,586715
14,29,483626
14,29,809510
14,346,625583
14,362,302571
14,362,568177
14,362,620426
14,362,765067
14,37,741128
14,407,1131942
14,410,1233156
14,457,407056
14,513,1128831
14,525,1069367
14,528,1341040
14,535,1120525
14,597,295077
14,626,1360049
14,695,1063504
14,695,1110129
14,695,1479150
14,713,821732
14,757,9500
14,761,213723
14,761,370691
14,82,176810
14,836,545742
14,836,568138
14,880,68514
14,885,761314
14,891,1162130
14,9,173357
14,9,482944
14,9,937916
14,921,455150
14,940,1102484
14,940,325294
14,940,358915
14,942,102828
14,942,143212
14,942,1577076
14,942,242534
14,942,384309
14,942,986458
14,977,806276
15,104,241759
15,104,546061
15,115,1235993
15,132,341941
15,136,1322844
15,155,1011299
15,174,969486
15,18,368134
15,197,1554556
15,201,359321
15,201,450357
15,201,591265
15,203,1548020
15,203,476535
15,203,95371
15,218,658419
15,247,1490318
15,247,716747
15,247,759381
15,247,832304
15,251,344015
15,251,345016
15,251,479824
15,271,1528813
15,295,1181571
15,312,564726
15,362,203332
15,389,934304
15,399,1430403
15,399,239866
15,441,675876
15,441,710485
15,503,206295
15,541,643390
15,560,396741
15,602,1240277
15,602,1566018
15,602,723533
15,612,286779
15,62,1223227
15,626,541627
15,684,1232048
15,693,56447
15,695,73073
15,713,1158884
15,713,747199
15,713,963951
15,713,998764
15,720,850706
15,731,868118
15,752,981416
15,761,1481530
15,762,757854
15,770,621793
15,836,1509128
15,86,182546
15,891,755653
15,906,1113006
15,940,1289055
15,940,1526281
15,940,1611891
15,940,654839
15,942,1443036
15,942,641458
15,942,959105
15,953,1503923
15,972,478438
15,987,905927
15,988,364009
15,989,1000587
16,478,1210993
16,478,1213388
16,478,1240687
16,478,459919
16,650,1388454
16,650,1416906
16,650,492045
16,650,857848
17,102,1055465
17,102,1245708
17,102,1568764
17,102,220078
17,102,704752
17,102,793107
17,102,801961
17,102,804792
17,102,81657
17,135,1263279
17,135,1431124
17,135,256758
17,135,440897
17,135,496656
17,136,375431
17,140,1217229
17,146,1570561
17,194,181186
17,203,1058230
17,203,1104676
17,203,1169028
17,203,1206615
17,203,121303
17,203,149842
17,203,1625724
17,203,211789
17,203,284132
17,203,461686
17,203,486218
17,203,543275
17,203,565081
17,203,573740
17,203,847725
17,203,855972
17,203,966646
17,210,1316519
17,210,1463790
17,210,176183
17,210,322222
17,210,390429
17,221,1278872
17,221,1331109
17,251,22085
17,261,1369934
17,270,478694
17,278,1203853
17,285,193511
17,285,405988
17,286,1431803
17,31,775026
17,320,1583958
17,340,1610342
17,340,817849
17,355,1308376
17,37,120859
17,37,1338707
17,37,1395518
17,37,1584703
17,37,274446
17,37,393421
17,37,416412
17,37,435439
17,37,448991
17,37,498408
17,37,500570
17,37,545602
17,37,735863
17,37,798157
17,37,956471
17,37,982762
17,393,1027944
17,393,330024
17,393,597838
17,419,1390937
17,432,103515
17,432,1308082
17,432,195011
17,432,573067
17,439,758853
17,448,1474721
17,517,1027022
17,517,1064948
17,517,1381013
17,517,1400383
17,517,1437907
17,517,147026
17,517,323292
17,517,607577
17,517,682387
17,517,702567
17,542,124942
17,542,1369022
17,542,489158
17,542,531906
17,559,1305700
17,601,1053417
17,601,778529
17,62,50270
17,645,1531374
17,645,1629365
17,671,418533
17,676,836369
17,72,186144
17,72,752972
17,760,1071201
17,811,851697
17,859,10001
17,859,1286748
17,860,1261859
17,860,817931
17,889,906795
17,940,258142
17,940,845670
18,10,1415177
18,100,969666
18,125,1090528
18,136,1493786
18,15,760531
18,151,131456
18,161,69200
18,163,115586
18,174,1380588
18,187,608334
18,196,1000552
18,201,1058593
18,201,1076725
18,201,1110385
18,201,1112319
18,201,1134391
18,201,1140602
18,201,11496
18,201,1258295
18,201,1299745
18,201,1323121
18,201,1441377
18,201,1466198
18,201,1569632
18,201,1610484
18,201,188571
18,201,268610
18,201,282513
18,201,325525
18,201,413822
18,201,576063
18,201,601703
18,201,711877
18,201,74077
18,203,1168843
18,203,435127
18,203,447576
18,203,623422
18,230,1557718
18,254,1110370
18,254,1155474
18,267,1289723
18,268,1468396
18,268,745417
18,280,181708
18,285,1328714
18,285,230913
18,285,798612
18,288,1435863
18,29,1006179
18,29,1044930
18,29,1163169
18,29,1388434
18,29,1404273
18,29,143096
18,29,166483
18,29,268619
18,29,342050
18,29,382576
18,29,72953
18,29,753706
18,303,1090442
18,312,611059
18,341,1307067
18,362,1132442
18,362,264081
18,362,827363
18,37,1131714
18,37,1248712
18,37,1286810
18,37,1353451
18,37,1400417
18,37,1452519
18,37,1604311
18,37,335570
18,37,336419
18,37,339529
18,37,358951
18,37,379274
18,37,418118
18,37,424738
18,37,612874
18,37,882252
18,416,1387388
18,430,998368
18,437,853022
18,440,1266307
18,440,1440429
18,440,397235
18,440,941359
18,448,1503765
18,457,1567003
18,457,188905
18,457,234984
18,457,291951
18,457,430951
18,457,674547
18,458,1320730
18,499,806545
18,513,798580
18,517,1514602
18,517,34019
18,517,717539
18,529,1542921
18,535,263918
18,573,188169
18,596,1114068
18,62,1191912
18,62,1220275
18,62,1297213
18,62,1430475
18,62,1454580
18,62,368057
18,62,394576
18,62,438491
18,62,54109
18,62,549962
18,62,758143
18,62,775273
18,62,840681
18,629,1081372
18,648,861681
18,653,474641
18,676,493042
18,676,538847
18,676,616132
18,682,388985
18,684,1395581
18,701,293812
18,713,1407523
18,725,272522
18,743,193117
18,751,1540546
18,771,1040102
18,773,985356
18,790,1530652
18,803,736291
18,839,710876
18,868,1317965
18,873,1540316
18,937,1502016
18,940,1064246
18,940,490975
18,942,909048
18,952,1421309
18,962,1513719
18,97,1602758
18,97,218323
18,97,355736
18,97,846187
18,972,545752
18,972,903973
18,977,702283
18,987,239290
18,987,483765
18,987,570398
18,987,950565
19,201,134098
19,201,528215
19,201,771230
19,201,956949
19,203,1409667
19,225,1075703
19,225,172713
19,230,1168978
19,29,1089250
19,29,1119498
19,29,1147349
19,29,1157272
19,29,1226501
19,29,178987
19,29,395339
19,29,401360
19,29,482996
19,29,896512
19,302,685965
19,312,1254950
19,324,1414072
19,34,192442
19,362,1188873
19,37,1354921
19,408,1553299
19,430,653846
19,440,1045818
19,440,1097116
19,442,302799
19,457,1542698
19,459,1155728
19,459,1301290
19,459,134131
19,459,312827
19,459,653582
19,459,942169
19,459,962878
19,477,1024674
19,517,439206
19,517,668748
19,517,728406
19,517,919002
19,575,108695
19,602,537200
19,62,1056595
19,62,255840
19,62,266874
19,62,780711
19,65,1185558
19,65,1264949
19,65,235617
19,65,658854
19,65,721832
19,65,723309
19,730,604666
19,803,511188
19,83,610642
19,839,1149694
19,894,99926
19,925,551225
19,940,537422
19,942,1453568
19,964,873483
19,987,1052110
19,987,5995
19,998,257726
2,102,483511
2,127,1051367
2,127,1058520
2,127,915009
2,19,987985
2,200,1047146
2,285,563475
2,320,1066116
2,388,438426
2,454,1277601
2,662,575974
2,689,452859
2,90,210610
2,927,76021
20,119,471852
20,125,683911
20,125,701002
20,136,1611473
20,203,1514431
20,203,1534339
20,223,791537
20,23,1134601
20,246,876381
20,249,181373
20,278,717502
20,285,889311
20,285,987165
20,305,594188
20,335,1136278
20,368,180256
20,37,1454036
20,381,1265476
20,42,1574565
20,517,748079
20,555,1060078
20,600,1521791
20,613,1346175
20,616,11172
20,616,820759
20,620,406498
20,650,1497068
20,757,388956
20,771,1135258
20,780,561956
20,791,108003
20,807,1178112
20,811,1307306
20,826,498526
20,831,315538
20,940,313008
20,942,196597
20,955,991484
20,987,822905
20,995,215526
20,995,498104
21,120,1057502
21,120,1144289
21,120,1299315
21,134,384685
21,134,788916
21,136,1571991
21,141,1029027
21,141,1048827
21,141,1393371
21,141,347572
21,141,39349
21,141,590896
21,152,1423887
21,164,541979
21,164,755155
21,203,252989
21,224,1086594
21,239,889447
21,246,895164
21,279,1041769
21,279,426867
21,279,487940
21,279,986886
21,316,168843
21,320,659463
21,356,1324759
21,41,33472
21,41,713937
21,41,810634
21,458,911073
21,459,1102402
21,459,1107167
21,459,1161385
21,459,142800
21,459,1451858
21,459,1521341
21,459,1557624
21,459,173784
21,459,449924
21,459,574633
21,459,78494
21,46,1299864
21,46,1594708
21,46,27337
21,46,527511
21,46,535271
21,46,846459
21,46,966921
21,46,992760
21,480,657156
21,490,842498
21,506,89811
21,512,111027
21,513,1498743
21,535,269278
21,588,1387440
21,591,1073611
21,598,1106824
21,598,178238
21,605,1184023
21,605,267592
21,618,246498
21,622,590781
21,628,247868
21,628,513439
21,637,166612
21,677,964681
21,687,272152
21,698,1368652
21,726,900504
21,771,1112993
21,782,1084313
21,782,1267661
21,782,1290235
21,782,1333574
21,782,1353986
21,782,162798
21,782,385424
21,782,414139
21,782,584815
21,782,795757
21,787,741441
21,796,229689
21,809,1551976
21,818,8705
21,856,1064658
21,869,1165753
21,878,460426
21,880,1608831
21,913,580723
21,926,138165
21,940,1524900
21,940,1563610
21,940,208652
21,940,318157
21,940,397476
21,940,664123
21,940,728304
21,999,634600
21,999,659370
22,323,941312
22,332,1309274
22,513,755603
22,611,596990
22,908,1401686
23,130,1344698
23,198,586133
23,238,1269398
23,246,1250063
23,251,63194
23,251,776499
23,251,901273
23,312,1302338
23,333,1162091
23,333,804077
23,333,879730
23,368,1139526
23,401,374629
23,401,454696
23,401,618610
23,43,1203143
23,43,952931
23,44,1288425
23,506,1543189
23,506,969296
23,506,981779
23,534,1169778
23,548,799444
23,564,269539
23,565,1435435
23,610,255822
23,645,14589
23,650,106340
23,66,227126
23,662,42276
23,664,852795
23,712,1251651
23,756,114373
23,756,1423692
23,756,1617989
23,756,615216
23,756,699349
23,771,884888
23,855,1287491
23,93,627621
23,940,998415
23,976,1176105
23,976,1331463
24,100,1555194
24,102,1258384
24,102,1546342
24,102,339855
24,102,918413
24,111,1198850
24,125,1587027
24,127,1001292
24,127,1205184
24,127,1323347
24,127,1502311
24,132,692441
24,132,771613
24,136,1473691
24,147,1084178
24,147,506082
24,148,464955
24,166,640231
24,200,697157
24,200,779171
24,202,1434055
24,202,799973
24,203,1594514
24,208,1493175
24,216,389616
24,218,419204
24,23,559032
24,230,1390396
24,246,999704
24,249,504192
24,25,395538
24,256,979123
24,266,176958
24,27,878802
24,288,80388
24,29,1340114
24,29,441050
24,29,442517
24,29,524091
24,303,1026559
24,31,491306
24,312,426752
24,312,510560
24,312,59384
24,312,665064
24,322,993135
24,326,295121
24,348,1093622
24,362,1192714
24,362,784294
24,380,1375096
24,380,589811
24,388,1100172
24,388,1213941
24,388,320551
24,388,759060
24,408,1155995
24,423,1272219
24,427,1552751
24,441,1216678
24,441,596803
24,447,408058
24,459,1205805
24,459,1331460
24,459,458408
24,459,570039
24,459,652490
24,459,926869
24,50,1354018
24,500,1092406
24,513,1246460
24,513,1465516
24,513,739175
24,513,892560
24,515,427201
24,539,321177
24,556,281262
24,556,86364
24,560,1579520
24,563,1142689
24,60,1423049
24,613,1449204
24,613,208346
24,613,287113
24,613,377805
24,613,592606
24,614,1168411
24,645,1225464
24,645,353890
24,645,796666
24,662,593614
24,662,706577
24,662,795878
24,708,1113002
24,724,845164
24,766,28219
24,771,209858
24,771,598800
24,792,1462262
24,808,298300
24,82,74439
24,82,764168
24,828,928315
24,830,17216
24,833,1149455
24,837,343344
24,84,326506
24,840,1032919
24,840,1482338
24,840,811620
24,846,986775
24,857,666949
24,863,1038455
24,863,118387
24,863,1611836
24,863,841534
24,879,84386
24,90,1231524
24,927,955576
24,940,1614311
24,942,235610
25,119,1152756
25,147,132623
25,157,1307068
25,166,1044707
25,166,1632732
25,231,1055969
25,277,1241919
25,309,1572640
25,333,84408
25,374,42207
25,374,905866
25,472,254471
25,472,573695
25,478,1070108
25,514,1508732
25,560,272071
25,585,1098445
25,585,12038
25,585,1242656
25,585,327419
25,596,1144148
25,596,140117
25,596,1485492
25,596,1510274
25,600,1169061
25,616,1244214
25,650,1437349
25,650,176139
25,650,422321
25,650,585261
25,650,683993
25,650,74690
25,650,862273
25,650,917966
25,650,974796
25,683,1318675
25,688,696814
25,695,485921
25,712,1235466
25,727,1282213
25,727,1435107
25,727,1437685
25,727,1563779
25,727,735756
25,76,493347
25,79,1022228
25,796,630535
25,797,238762
25,84,397503
25,855,291403
25,858,1257314
25,895,1596517
25,895,306410
25,895,863049
25,907,38939
25,912,1554452
25,940,832760
25,942,841722
25,990,1593254
26,251,307836
26,319,1292688
26,401,729114
26,448,1423469
26,48,510107
26,535,319871
26,692,485175
26,829,1268260
26,837,1030705
26,942,1588900
27,154,1562408
27,201,1286484
27,201,413064
27,201,441818
27,201,457359
27,201,468186
27,201,563030
27,201,709930
27,201,911494
27,201,973652
27,203,939587
27,218,518916
27,218,752867
27,23,1574126
27,251,184568
27,252,1136613
27,263,1193815
27,266,1462457
27,266,637737
27,276,1302407
27,306,1086516
27,310,1069129
27,310,1125616
27,310,1334469
27,310,1564948
27,310,1623403
27,310,651514
27,310,668731
27,329,1146423
27,333,583081
27,362,1045493
27,362,359279
27,374,1036692
27,374,1079815
27,374,1180320
27,374,1251101
27,374,1341606
27,374,1619609
27,374,283240
27,374,318680
27,374,394693
27,374,469144
27,374,543879
27,374,882282
27,374,9838
27,374,990976
27,386,745995
27,417,288664
27,417,578184
27,441,1136176
27,441,1302739
27,441,1355761
27,441,1474233
27,441,3135
27,441,355307
27,441,461702
27,441,480705
27,441,489931
27,441,52024
27,446,10393
27,446,1117396
27,446,1135151
27,446,1508275
27,446,157872
27,446,1622254
27,446,171245
27,446,176275
27,446,208902
27,446,330378
27,446,415493
27,446,508072
27,446,538398
27,446,580918
27,446,596795
27,446,728360
27,446,750178
27,446,781354
27,446,791531
27,446,874241
27,446,900528
27,446,927645
27,446,934338
27,446,947010
27,446,991452
27,459,1012332
27,459,1087932
27,459,1192461
27,459,1213001
27,459,147963
27,459,1501626
27,459,1544120
27,459,1580752
27,459,1620808
27,459,210363
27,459,28347
27,459,302614
27,459,388519
27,459,406631
27,459,50331
27,459,655252
27,459,748429
27,459,851535
27,459,864722
27,459,903574
27,51,92543
27,513,1014216
27,514,1043528
27,514,1272957
27,514,155872
27,53,1601008
27,535,584744
27,535,752773
27,547,915918
27,571,149243
27,579,1144054
27,579,1202318
27,579,1232313
27,579,1282367
27,579,1288955
27,579,1291054
27,579,1474346
27,579,1509531
27,579,1614515
27,579,229487
27,579,442711
27,579,468646
27,579,520809
27,579,617061
27,579,925171
27,579,945948
27,579,990157
27,59,1215804
27,59,1285715
27,649,459076
27,65,1454839
27,65,662962
27,662,865469
27,663,1039733
27,757,1179636
27,757,1536322
27,771,1339796
27,78,1006698
27,787,280717
27,82,648217
27,837,1233394
27,837,305953
27,837,348096
27,837,503284
27,837,666116
27,837,673783
27,837,719139
27,837,743829
27,837,934012
27,888,544447
27,903,1122174
27,903,1304490
27,908,1167480
27,908,342572
27,910,220405
27,940,1315950
27,940,356061
27,940,372452
27,940,482922
28,285,1135941
28,496,1065207
28,496,1092871
28,496,1201985
28,496,1315998
28,496,1596282
28,496,644118
28,496,7377
28,496,855719
28,496,889871
28,815,790090
28,927,1077533
28,927,1134150
28,927,119001
28,927,1574554
28,927,1632007
28,927,378924
28,927,396118
28,927,425016
28,927,604216
28,927,843907
29,127,1057259
29,127,1516670
29,509,1199601
29,509,1303624
29,509,1350041
29,554,1278366
29,554,191429
29,554,915718
29,596,1345081
29,596,1442767
29,596,996794
29,650,655732
29,650,961618
29,90,1023030
29,90,47772
29,927,1183749
29,927,1353431
3,191,1175530
3,456,510255
3,544,1222601
3,987,241552
30,101,1218191
30,110,494123
30,128,1005475
30,132,300649
30,136,894686
30,147,681953
30,152,1407973
30,166,1128732
30,166,1572554
30,166,41706
30,166,7074
30,201,1402973
30,201,42235
30,201,627504
30,201,769323
30,203,221573
30,203,802037
30,203,898874
30,214,304282
30,218,26464
30,246,1312095
30,246,1428104
30,246,96369
30,247,1102943
30,247,1263782
30,249,811991
30,25,55224
30,251,1441088
30,251,41633
30,266,181873
30,266,930342
30,279,594325
30,285,475222
30,288,650988
30,288,779956
30,303,495981
30,312,1034820
30,333,1115692
30,333,76643
30,334,297434
30,362,1371344
30,362,143101
30,362,685206
30,374,623437
30,382,999700
30,387,118245
30,433,553831
30,441,1084354
30,441,1595577
30,441,267174
30,441,698780
30,441,990582
30,452,479335
30,471,1306087
30,471,1541459
30,478,1186708
30,478,731958
30,483,1050973
30,483,1254975
30,483,184259
30,483,467741
30,483,628438
30,483,64903
30,483,927552
30,483,932604
30,506,1243711
30,513,370032
30,513,376020
30,525,351988
30,535,1068028
30,535,429480
30,535,488562
30,546,788484
30,561,292372
30,580,835910
30,596,1091444
30,596,115292
30,596,1349619
30,596,627171
30,600,1172815
30,600,1494703
30,600,925221
30,600,992018
30,617,701827
30,642,18096
30,645,1539801
30,650,1065036
30,650,1141252
30,650,1267196
30,650,1411248
30,650,1491049
30,650,172996
30,650,186468
30,650,393870
30,650,39728
30,650,590434
30,650,629351
30,650,651323
30,650,79459
30,650,815949
30,650,865417
30,650,915371
30,663,1488049
30,663,370561
30,710,693529
30,712,1004534
30,712,1382981
30,712,1545030
30,712,1617075
30,712,27324
30,712,404647
30,712,861516
30,729,615981
30,733,438859
30,78,203940
30,78,420585
30,78,426146
30,78,586284
30,795,711644
30,837,894642
30,850,772834
30,868,1557233
30,898,738591
30,90,501464
30,908,1286294
30,908,370270
30,940,1153732
30,940,1298181
30,940,664386
30,940,687312
30,940,957573
30,942,103834
30,942,1297736
30,942,1469316
30,942,913465
30,942,922783
30,958,555075
30,970,717042
30,984,616435
30,993,1040843
31,254,604831
31,267,810522
31,375,936316
31,482,1187961
31,504,1121926
31,504,1145636
31,504,126259
31,504,1402985
31,504,1564438
31,504,1609895
31,551,120445
31,551,1527006
31,551,1572114
31,609,1620819
31,650,1508163
31,942,1137960
31,942,189690
31,942,403968
31,942,44750
31,942,732676
31,942,894816
31,987,102707
31,987,1218215
31,987,1611547
31,987,751975
32,100,134887
32,102,1405473
32,102,1588636
32,102,493680
32,102,881654
32,102,939225
32,127,102366
32,127,1030309
32,127,116726
32,127,122021
32,127,128564
32,127,1354069
32,127,1429550
32,127,1444263
32,127,151285
32,127,231557
32,127,412706
32,127,482632
32,127,506556
32,127,535737
32,127,77876
32,127,866532
32,127,90934
32,127,910315
32,127,926870
32,130,780331
32,136,1028408
32,136,1187840
32,136,1417989
32,136,218594
32,136,716922
32,147,429319
32,16,712385
32,166,616138
32,166,894514
32,20,1148924
32,200,78195
32,201,123577
32,201,18238
32,201,508005
32,201,538067
32,203,1097604
32,203,1184114
32,203,1220048
32,203,1396427
32,203,849279
32,218,1623189
32,23,1613418
32,246,1180848
32,248,737428
32,249,375802
32,25,174422
32,25,191634
32,25,203705
32,251,1044522
32,251,499371
32,251,996378
32,257,1382654
32,26,120913
32,26,726148
32,266,730658
32,279,1281800
32,284,1501433
32,284,1509660
32,284,247126
32,284,446274
32,284,503515
32,284,597866
32,284,608112
32,284,715568
32,284,906925
32,285,1157037
32,285,1448985
32,285,1476255
32,285,301077
32,288,1516579
32,288,1582185
32,288,421261
32,288,482901
32,29,1236605
32,29,308139
32,303,1131014
32,33,947282
32,347,1223798
32,352,1145781
32,361,401842
32,362,815621
32,364,965411
32,368,842485
32,388,1075578
32,388,1504618
32,388,1520222
32,388,1609239
32,388,17472
32,388,178113
32,388,258883
32,425,628544
32,434,1521561
32,441,1037649
32,441,345906
32,441,470634
32,441,516017
32,463,1058596
32,464,1585430
32,495,208930
32,506,1040530
32,506,1476889
32,513,1151346
32,513,1287892
32,513,382755
32,517,1497392
32,517,935306
32,520,464445
32,535,187305
32,535,240514
32,535,455758
32,555,1611077
32,555,985174
32,559,1222387
32,567,736988
32,58,1451636
32,593,816854
32,596,1597089
32,596,443311
32,596,473559
32,596,52878
32,597,1285927
32,597,1401428
32,600,1072755
32,603,11877
32,622,42241
32,626,1614017
32,634,1420538
32,634,347116
32,638,38395
32,645,1502090
32,662,1049751
32,662,1101847
32,662,1128291
32,662,1140279
32,662,1152093
32,662,1172818
32,662,1318034
32,662,1489863
32,662,301736
32,662,308641
32,662,356655
32,662,394484
32,662,550634
32,662,590908
32,662,856043
32,662,93932
32,662,967959
32,688,63919
32,718,1109309
32,718,533112
32,722,516373
32,74,1292850
32,743,1499114
32,746,455161
32,757,686144
32,759,827715
32,771,548910
32,771,860767
32,78,1093300
32,78,175148
32,782,1426771
32,787,909154
32,808,276225
32,82,1450989
32,82,872396
32,822,1565159
32,831,1626755
32,837,1180306
32,837,1247995
32,837,631170
32,855,341378
32,864,391128
32,899,615894
32,903,836749
32,908,1112765
32,908,1196617
32,908,151015
32,934,1192368
32,938,1486879
32,940,1159225
32,940,1196856
32,940,1352865
32,940,608778
32,942,1590708
32,945,1413489
32,956,1060362
32,956,319436
32,972,1055807
32,972,731033
32,980,25014
33,531,1294969
33,531,29825
33,531,41132
33,531,463218
33,531,668808
33,755,598649
33,755,618122
33,755,806640
34,121,796838
34,136,111853
34,136,1508804
34,147,1119691
34,15,186024
34,166,1115586
34,196,476902
34,201,1271072
34,201,1523939
34,201,1565323
34,201,1586395
34,201,737185
34,201,861197
34,254,137310
34,254,1524767
34,254,907318
34,267,1057172
34,267,1110066
34,267,1278870
34,268,772006
34,283,1356271
34,288,735038
34,303,1095737
34,303,98742
34,339,429497
34,37,100260
34,37,1180995
34,435,938961
34,453,102274
34,5,1294360
34,5,850299
34,513,1590335
34,529,70446
34,533,1385351
34,613,998161
34,627,346407
34,637,741464
34,65,243454
34,682,17251
34,696,124911
34,696,1495165
34,696,1498707
34,696,411942
34,696,490643
34,705,34028
34,742,1040936
34,743,1239020
34,743,638562
34,743,880120
34,773,166179
34,801,1337431
34,832,140524
34,884,413684
34,940,1584122
34,952,330176
34,977,830310
34,987,1272019
34,987,1499235
34,987,1549399
34,987,491786
34,987,745707
34,987,942093
35,119,1218437
35,228,1447930
35,265,1241264
35,349,1162702
35,349,1375027
35,349,1597588
35,349,910318
35,362,64941
35,375,1317292
35,375,868758
35,379,74006
35,418,1220573
35,485,1536763
35,487,898533
35,492,581392
35,504,1076748
35,504,1114562
35,504,120876
35,504,1398732
35,504,361639
35,504,395461
35,504,592464
35,518,1038102
35,535,618872
35,551,1299184
35,551,310939
35,555,124586
35,596,1564919
35,609,543900
35,615,160876
35,619,1456185
35,637,1605782
35,637,836397
35,638,508693
35,644,540845
35,666,1469757
35,813,802144
35,838,670778
35,844,683451
35,865,817240
35,900,1502431
35,900,266591
35,906,1366519
35,908,1524212
35,916,1110943
35,942,1568476
35,961,745773
35,992,1126490
35,992,1345630
36,156,1135784
36,156,1561419
36,156,175608
36,156,390215
36,201,1010312
36,201,1113571
36,201,1238982
36,311,3609
36,311,777313
36,340,586345
36,362,1169089
36,362,529417
36,395,1170032
36,395,1379039
36,424,1168820
36,424,597604
36,441,777385
36,459,1225429
36,517,872241
36,535,419710
36,549,1045874
36,592,1026076
36,599,705835
36,616,673500
36,622,968612
36,645,801036
36,688,454928
36,730,1464853
36,758,1198130
36,802,1346654
36,802,1370898
36,837,528500
36,852,1145776
36,852,1421956
36,852,90834
36,852,992555
36,859,631212
36,904,517110
36,904,61746
36,915,401028
36,940,787310
37,153,773222
37,166,551500
37,167,670863
37,203,1335834
37,218,1304316
37,246,1491206
37,247,1628567
37,249,224194
37,251,268836
37,262,1155173
37,266,884712
37,285,733407
37,288,1504522
37,363,193761
37,373,396031
37,373,982304
37,451,103544
37,454,1513612
37,486,95921
37,61,905162
37,645,1170243
37,645,1495662
37,689,784495
37,695,1279063
37,722,1302144
37,757,95021
37,771,1140903
37,771,1534986
37,771,414012
37,771,603668
37,837,1007905
37,848,945264
37,864,392413
37,916,1407667
37,927,148892
37,940,1182744
37,940,881484
37,985,1113020
37,989,214432
38,100,1152396
38,102,1391421
38,165,1021473
38,19,1186427
38,208,747450
38,272,1222213
38,368,1375569
38,368,862134
38,388,257452
38,398,543782
38,441,1107776
38,45,122424
38,459,733536
38,65,1507260
38,69,470668
38,827,1487345
38,837,441789
38,837,756062
38,843,51934
38,940,912578
39,127,1263706
39,127,1428835
39,158,1592476
39,166,693322
39,176,1555967
39,176,1566121
39,176,182683
39,275,1109290
39,29,1058824
39,29,1095465
39,29,1445159
39,340,247861
39,373,1397058
39,373,631606
39,373,920720
39,383,586110
39,45,585860
39,521,276794
39,622,270263
39,622,460289
39,622,852945
39,645,1084236
39,716,1574567
39,745,627150
39,745,808666
39,794,805373
39,999,1587642
4,312,1056584
4,331,843363
4,37,1118720
4,37,1584001
4,457,312997
4,459,734152
4,645,921765
4,699,1106966
40,110,1089289
40,114,9300
40,136,1136452
40,150,178587
40,150,311880
40,150,658375
40,150,880776
40,288,397440
40,560,1434850
40,560,601757
40,824,1099511
40,940,25009
40,999,1198408
40,999,1239417
41,637,1032170
41,637,162532
41,637,292245
41,637,789791
42,110,171608
42,110,870647
42,230,1103727
42,312,1196020
42,363,206184
42,37,208892
42,37,752762
42,489,1134901
42,49,1014245
42,491,1340783
42,504,1478647
42,596,1223198
42,596,1278267
42,596,169254
42,596,813312
42,639,924825
42,817,1455073
42,835,1429304
42,978,496996
43,29,589903
43,637,1574390
43,657,381980
43,839,611745
44,1,86429
44,203,1218352
44,247,410350
44,25,481128
44,266,952345
44,294,802532
44,344,1277698
44,405,503873
44,493,425369
44,531,1136914
44,531,1291253
44,531,1564574
44,531,188339
44,531,370305
44,531,459768
44,596,579990
44,637,1176739
44,650,1042637
44,650,1135977
44,650,872152
44,654,1104527
44,695,1069275
44,695,1356201
44,695,1623840
44,695,602697
44,695,979570
44,811,1117536
44,82,1026051
44,82,1052445
44,836,739557
44,881,1466728
44,881,239380
44,881,313443
44,881,450588
44,881,533517
44,881,642029
44,95,168962
44,95,18704
44,95,208353
44,95,285187
44,95,693805
44,95,760963
44,965,566139
44,968,1325501
45,109,403092
45,127,127265
45,127,1630933
45,127,445420
45,127,450652
45,127,518000
45,127,553833
45,127,981346
45,147,104055
45,147,1523888
45,147,660006
45,178,1236734
45,200,1540982
45,200,1569105
45,200,1600926
45,200,30671
45,200,956950
45,203,182023
45,213,863974
45,229,948021
45,25,1073417
45,25,1308054
45,25,1626457
45,25,817382
45,251,499404
45,251,765321
45,260,1553259
45,285,1213855
45,285,1416612
45,285,540406
45,285,696561
45,288,1422491
45,303,1521896
45,371,20699
45,446,1371213
45,478,1214161
45,478,663314
45,52,1430319
45,521,1035171
45,521,1205192
45,521,251684
45,535,772799
45,555,844447
45,581,1410235
45,596,375229
45,613,1461717
45,613,562633
45,613,954606
45,637,128406
45,637,1437464
45,650,1157046
45,650,318269
45,650,480395
45,650,682288
45,650,994800
45,662,660051
45,771,87019
45,78,109396
45,78,556571
45,78,975096
45,791,1119917
45,791,1500365
45,830,1239022
45,830,411155
45,849,383538
45,940,670254
45,948,1254805
45,989,214241
45,991,1484658
45,995,1548892
46,637,969032
47,110,235336
47,110,384107
47,129,277930
47,129,718311
47,170,684054
47,206,1446863
47,230,1228392
47,230,576560
47,247,663087
47,288,361272
47,296,1105757
47,30,1395642
47,315,822959
47,349,1064453
47,349,1203799
47,349,1443197
47,349,266174
47,349,331552
47,362,155954
47,362,163791
47,363,338984
47,37,1193225
47,37,172883
47,397,349865
47,446,1080381
47,489,631243
47,49,1438888
47,504,1091849
47,504,1213937
47,504,1383829
47,504,1439437
47,504,1592651
47,504,1628067
47,504,179545
47,504,312925
47,504,47682
47,504,482776
47,504,711203
47,596,375595
47,596,385796
47,596,730993
47,596,893950
47,636,1276511
47,637,646100
47,639,1225735
47,695,21459
47,776,100273
47,817,1275290
47,835,1120814
47,853,822987
47,871,70278
47,885,139864
47,940,407036
47,967,571352
47,967,685590
47,978,861424
48,127,1298450
48,989,232259
49,1000,808627
49,111,328010
49,119,138837
49,136,1134582
49,136,721463
49,136,904845
49,137,716830
49,166,462758
49,166,756163
49,166,772129
49,166,793738
49,171,619955
49,192,178656
49,203,1043578
49,203,1286986
49,203,1390980
49,203,339978
49,203,388791
49,218,383517
49,218,499449
49,227,1387808
49,23,368530
49,23,650986
49,230,465923
49,235,105084
49,240,1261551
49,245,628983
49,246,264949
49,25,1203247
49,25,1374939
49,25,297473
49,25,340009
49,251,1445078
49,251,561585
49,285,1554407
49,288,884775
49,289,5212
49,29,119173
49,29,1261600
49,29,1261638
49,29,1396091
49,29,1628688
49,29,427215
49,29,463769
49,29,509108
49,29,657709
49,303,333559
49,303,727697
49,304,1570079
49,312,1440889
49,312,671503
49,326,1111639
49,365,31592
49,37,1254612
49,377,402581
49,385,1293234
49,391,1362270
49,396,1261666
49,413,312901
49,438,1546240
49,441,117416
49,441,1605574
49,441,239717
49,441,333034
49,441,562508
49,441,684656
49,45,123750
49,460,908365
49,478,1273778
49,513,1532850
49,513,834275
49,535,175124
49,552,1268786
49,560,189137
49,569,793464
49,576,1129483
49,576,114622
49,576,1322840
49,576,1516652
49,576,1608438
49,583,801468
49,596,164028
49,596,223486
49,596,824915
49,596,897430
49,6,1086587
49,602,152350
49,626,1353594
49,650,1024179
49,650,1062264
49,650,1199470
49,650,1232971
49,650,1386269
49,650,1502214
49,650,1530307
49,650,1631532
49,650,386956
49,650,453806
49,650,639827
49,650,672656
49,650,72407
49,680,309909
49,703,343145
49,764,273865
49,769,398697
49,78,1339084
49,78,465065
49,82,831069
49,82,83356
49,82,951978
49,825,1627972
49,837,35010
49,837,533210
49,846,865961
49,855,857138
49,859,165239
49,876,1101015
49,877,883979
49,896,578909
49,908,359507
49,912,475578
49,912,968746
49,940,338260
5,147,1523274
5,147,951964
5,25,395056
5,318,1609730
5,362,416469
5,37,1059753
5,37,702825
5,450,1179195
5,462,1268657
5,466,1309598
5,513,48160
5,555,1309695
5,600,17853
5,604,581142
5,694,1435062
5,697,692489
5,735,53070
5,817,510315
5,88,1174876
5,908,1051123
5,928,1567776
50,637,1065000
50,637,1554368
50,696,1096011
50,696,1490191
50,696,1596099
50,696,1597693
50,696,497594
50,696,998263
50,832,1003886
50,832,1135998
50,832,208665
50,832,214741
50,832,43563
50,832,979927
51,25,1575783
51,266,1006267
51,297,546263
51,3,1012696
51,300,1467020
51,326,159727
51,350,834736
51,362,405747
51,362,486136
51,374,1408717
51,400,1410848
51,441,12542
51,441,370296
51,472,310637
51,472,408017
51,472,580065
51,472,751290
51,472,972102
51,478,1067801
51,478,1181962
51,478,1222322
51,478,1313924
51,478,19475
51,478,513254
51,478,817070
51,506,1229067
51,506,1597451
51,585,1356327
51,585,1492305
51,585,1595660
51,585,297493
51,585,716198
51,596,1601216
51,600,170097
51,625,430815
51,65,1431550
51,650,1103731
51,650,1113156
51,650,1351005
51,650,1500824
51,650,1538035
51,650,1548511
51,650,201999
51,650,2212
51,650,231059
51,650,390039
51,650,422337
51,650,478300
51,650,569222
51,650,58018
51,650,783154
51,650,829957
51,662,526207
51,663,776573
51,674,1488171
51,674,437921
51,69,538892
51,702,1043476
51,771,1208802
51,78,410220
51,782,1511419
51,84,1018011
51,84,355475
51,908,1132161
51,918,1446734
51,918,168004
51,970,924555
51,99,850360
52,130,1295292
52,130,999646
52,284,1057832
52,284,256793
52,650,370847
52,650,949018
52,662,483207
52,771,484492
52,787,697369
53,102,1417417
53,102,226890
53,13,1485178
53,132,964875
53,135,382240
53,176,924948
53,177,1297948
53,183,304168
53,201,1147814
53,201,115084
53,201,1164530
53,201,1291270
53,201,1391134
53,201,1574364
53,201,1584117
53,201,430339
53,201,942111
53,215,375712
53,279,914952
53,288,1604646
53,29,1440058
53,29,18131
53,297,63452
53,362,1146668
53,37,446272
53,372,438788
53,376,291272
53,40,398681
53,40,900916
53,412,1463360
53,459,123378
53,459,704833
53,507,248841
53,513,876970
53,517,1100781
53,517,119827
53,517,1211098
53,517,1248398
53,517,1402928
53,517,282687
53,517,747698
53,517,778570
53,517,918250
53,517,92943
53,54,458155
53,54,578189
53,556,926076
53,585,218816
53,602,692183
53,616,1152145
53,635,111133
53,640,300382
53,645,1175524
53,645,1193622
53,65,294214
53,658,788602
53,662,1436247
53,717,1073386
53,821,1410900
53,901,1237761
53,902,1456722
53,902,19744
53,940,685282
53,942,406344
53,942,708140
53,960,106382
53,960,834332
53,970,802225
53,987,1270763
53,987,1402194
53,987,1473293
53,987,1593721
54,119,548555
54,288,1034559
54,288,1474120
54,637,1008660
54,637,1272677
54,637,1393617
54,637,1428383
54,637,1590300
54,637,175247
54,637,285839
54,637,368838
54,637,477774
54,637,762466
54,637,763941
54,637,805143
54,959,197525
54,987,175425
55,147,397713
56,12,279744
56,125,1488921
56,125,924889
56,132,234999
56,138,1377893
56,166,1197842
56,179,660922
56,181,1026784
56,186,1113835
56,203,1365068
56,203,401427
56,203,683483
56,207,490967
56,208,611906
56,209,1162711
56,209,1204663
56,230,1471207
56,232,1206558
56,233,353160
56,249,476479
56,25,438308
56,25,710477
56,266,284307
56,269,1276698
56,273,1263989
56,279,137688
56,281,82057
56,282,1091687
56,285,246738
56,285,793841
56,287,1142288
56,29,1089253
56,29,111712
56,29,1152385
56,29,1188841
56,29,1253460
56,29,1268357
56,29,1287811
56,29,1366095
56,29,1390317
56,29,1493004
56,29,1565833
56,29,164289
56,29,461140
56,29,498295
56,29,578803
56,29,621256
56,29,648386
56,312,665625
56,318,728191
56,324,739482
56,327,970347
56,345,781623
56,351,1607442
56,37,1085292
56,37,1267216
56,37,1541971
56,37,1597054
56,37,856576
56,382,1020487
56,388,271592
56,408,1262228
56,408,682236
56,440,1235368
56,441,1416716
56,441,441840
56,459,1147825
56,459,1195001
56,459,1218941
56,459,1298123
56,459,1308804
56,459,1383387
56,459,1402356
56,459,141601
56,459,1519874
56,459,1593436
56,459,199158
56,459,456673
56,461,1398
56,479,1360913
56,494,1350744
56,511,1343232
56,513,1101560
56,513,1525163
56,513,327207
56,517,1173673
56,536,849875
56,537,1452926
56,538,1232328
56,550,1588145
56,557,1130900
56,568,702319
56,585,1566392
56,613,851318
56,624,932005
56,638,262162
56,645,992173
56,65,742156
56,65,810753
56,65,913125
56,650,1081424
56,650,1133745
56,650,1216491
56,650,1228349
56,650,528350
56,661,458949
56,662,1490214
56,670,410290
56,711,1615639
56,732,806446
56,748,1014235
56,750,157041
56,771,208272
56,771,872222
56,777,107755
56,778,1577352
56,783,1598676
56,807,16354
56,812,360538
56,823,900834
56,825,1349915
56,832,976118
56,837,502159
56,841,1276466
56,859,430174
56,862,1460323
56,866,80695
56,867,894227
56,879,1182274
56,936,523062
56,94,1113723
56,942,1315703
56,943,400191
56,970,189096
56,973,1081980
56,987,1108570
56,987,1237499
56,987,1582356
56,987,300285
56,987,398788
56,987,484880
57,112,1301157
57,116,1011141
57,125,831588
57,132,233209
57,136,61379
57,136,7344
57,147,298588
57,149,1089444
57,16,216868
57,166,1258357
57,166,189780
57,176,1587101
57,176,200933
57,176,624318
57,176,764185
57,201,1207879
57,201,1477345
57,201,1613227
57,201,25240
57,201,31162
57,203,1403443
57,211,566232
57,246,1017009
57,247,1085789
57,25,274490
57,251,1098703
57,285,334262
57,288,1362535
57,29,1003969
57,29,277588
57,29,467591
57,29,586452
57,29,828375
57,293,604893
57,303,219107
57,312,79619
57,322,390952
57,336,451634
57,337,155644
57,343,335142
57,35,414651
57,361,1158052
57,361,1355865
57,362,161532
57,37,920643
57,373,1039808
57,441,462002
57,474,465861
57,478,1109198
57,513,1201237
57,513,511007
57,517,1396526
57,521,161771
57,530,75319
57,559,948512
57,561,723732
57,577,748028
57,585,298696
57,596,1621246
57,596,468902
57,613,386613
57,614,896029
57,650,1388185
57,650,1530371
57,650,1535175
57,650,275529
57,650,287093
57,650,399466
57,650,775304
57,650,829089
57,651,1333911
57,680,389906
57,681,335218
57,695,212237
57,715,1363152
57,715,191417
57,715,388277
57,715,709262
57,763,160915
57,771,180059
57,82,402901
57,87,965373
57,872,155330
57,882,819924
57,908,65181
57,912,484317
57,940,379825
57,941,327880
57,972,1439442
57,987,732199
58,108,979230
58,125,228684
58,127,507271
58,133,423128
58,136,668869
58,142,1035504
58,176,1589589
58,176,281308
58,200,674256
58,203,1317808
58,203,1489361
58,204,1021430
58,204,114086
58,23,937761
58,242,420233
58,243,756980
58,25,1457012
58,25,1505574
58,25,1512630
58,25,676008
58,251,109164
58,255,317440
58,256,546587
58,285,222965
58,285,447897
58,285,941045
58,288,1581087
58,288,996103
58,29,725566
58,3,1126869
58,312,1406879
58,312,1511608
58,313,440054
58,353,1056114
58,406,592741
58,441,357365
58,475,1216511
58,502,1400760
58,506,410415
58,513,1483991
58,517,1095734
58,517,266313
58,521,1369666
58,521,1410144
58,521,1579684
58,521,1601570
58,521,543615
58,521,991558
58,535,218895
58,555,821913
58,595,225669
58,596,11414
58,596,810825
58,600,483872
58,613,715564
58,613,834211
58,622,1616177
58,623,131972
58,638,416142
58,645,1029237
58,645,231805
58,646,1109600
58,650,1065802
58,650,117077
58,650,1286782
58,650,1362742
58,650,1408689
58,650,1409997
58,650,1498656
58,650,1588719
58,650,602079
58,650,719929
58,650,740606
58,650,770592
58,663,514616
58,669,764446
58,678,1114076
58,688,660795
58,69,142407
58,700,1019882
58,768,313192
58,771,22740
58,771,972166
58,78,1065396
58,78,1589999
58,799,1091473
58,800,1426861
58,808,479517
58,814,1119303
58,814,61214
58,816,527714
58,82,437493
58,830,1464376
58,837,1303008
58,842,1532163
58,855,1101700
58,855,1538638
58,890,88064
58,90,1051910
58,912,1121409
58,927,1560858
58,940,403705
58,987,298281
59,188,463732
59,219,197663
59,278,475885
59,28,853506
59,359,1122861
59,362,1332934
59,382,578381
59,791,387586
59,807,1099013
59,807,780435
6,119,521032
6,119,850720
6,139,505190
6,189,68843
6,203,1298742
6,285,1565232
6,285,63422
6,37,1078749
6,37,1505555
6,37,213020
6,37,890551
6,517,935043
6,542,105114
6,542,1052228
6,542,555120
6,542,566249
6,585,1037647
6,637,1013128
6,637,1080638
6,637,1226937
6,637,675149
6,637,782449
6,637,86926
6,637,999298
6,675,50921
6,688,1134339
6,883,1363056
60,201,1284561
60,226,189038
60,32,1290344
60,32,355858
60,517,30415
60,668,1537480
61,103,183319
61,120,1301464
61,201,1003648
61,201,1018792
61,201,1339225
61,201,1433256
61,201,1507678
61,201,334612
61,201,660003
61,201,681550
61,201,953270
61,224,511621
61,233,600817
61,233,998268
61,239,1329369
61,246,1037386
61,246,1042618
61,246,1245325
61,246,1565469
61,246,408373
61,246,863808
61,279,1045655
61,279,1393112
61,279,287046
61,279,331426
61,318,285857
61,459,1017503
61,459,108487
61,459,1126134
61,459,116795
61,459,1170701
61,459,1187716
61,459,1187761
61,459,1386942
61,459,1446399
61,459,1482999
61,459,408758
61,459,744160
61,459,985894
61,506,731714
61,513,771288
61,535,555749
61,567,1057506
61,567,1207940
61,567,1242802
61,567,1517213
61,567,292673
61,567,649424
61,567,684343
61,621,1155865
61,622,564507
61,626,1108987
61,626,1126878
61,626,382939
61,626,42688
61,645,163816
61,665,1279471
61,67,1262249
61,67,866066
61,67,945897
61,687,673397
61,736,824488
61,747,697903
61,765,1296999
61,771,1037503
61,782,1156490
61,782,1251795
61,782,448350
61,782,541394
61,782,589125
61,782,743937
61,782,756075
61,782,805185
61,782,847962
61,782,898719
61,787,429984
61,837,180913
61,845,1293871
61,845,830125
61,908,457750
61,908,838688
61,940,1102167
61,940,1279196
61,940,188997
61,940,254475
61,940,294773
61,940,822809
61,940,880851
61,940,893864
61,942,118708
61,969,1277809
61,969,1456764
61,969,228106
61,969,598328
61,999,1093866
61,999,1238727
61,999,131647
61,999,1394013
61,999,1472414
61,999,1616272
61,999,231950
61,999,233898
61,999,327651
61,999,441786
61,999,516687
61,999,519213
61,999,922220
62,443,107871
62,586,1097448
62,596,424229
62,596,964593
62,737,1093479
62,737,967540
62,932,1018092
62,932,1046237
62,932,1392755
62,932,244130
62,932,295766
62,932,395225
62,932,684722
62,932,843754
62,932,879654
62,932,954491
62,932,961532
62,96,321568
62,977,226863
63,147,505777
63,246,157820
63,388,1089533
63,388,1615081
63,388,973956
63,468,1542312
63,637,475020
63,637,739997
63,637,973410
63,798,178997
63,89,513298
63,916,419250
63,916,589153
63,974,1052248
63,974,155622
64,188,165776
64,219,807990
64,278,454529
64,359,357607
64,362,542774
64,382,312139
64,791,654513
64,807,1438491
64,807,342403
65,102,1102502
65,102,288633
65,105,1043415
65,11,848246
65,110,346700
65,136,484650
65,147,1328072
65,201,1169261
65,218,1382553
65,246,1480027
65,247,1460762
65,247,886592
65,25,1018297
65,251,1401337
65,254,946113
65,256,615765
65,285,1437433
65,285,45957
65,288,1187061
65,29,751856
65,29,773627
65,3,549297
65,311,1256754
65,37,307119
65,374,1330752
65,374,1469296
65,404,1051884
65,441,57321
65,446,223580
65,459,1447670
65,459,1576009
65,459,839644
65,465,1463812
65,473,130137
65,473,1455002
65,513,1256866
65,513,946797
65,543,1062761
65,553,1278282
65,555,103576
65,555,1355864
65,555,926723
65,560,484891
65,585,1081286
65,60,889551
65,622,337163
65,630,144234
65,630,385313
65,637,642713
65,65,1187724
65,65,312276
65,650,1627908
65,662,1240076
65,664,1092442
65,664,1191027
65,664,847237
65,672,434250
65,690,823939
65,711,201383
65,714,1388008
65,73,616448
65,750,1503371
65,757,934685
65,771,930110
65,773,1008614
65,78,170515
65,781,1360480
65,782,525236
65,794,236274
65,796,1442764
65,802,988953
65,805,1226920
65,831,939491
65,837,1093364
65,837,1497559
65,844,485968
65,864,764237
65,886,978085
65,90,1478566
65,903,1378367
65,906,951017
65,919,1325278
65,919,307589
65,940,105634
65,940,1473303
65,940,161567
65,940,465444
65,942,1604340
65,942,852177
65,987,1279827
65,989,1130732
65,989,1195363
65,989,1219412
65,989,1444805
65,989,145508
65,989,1532665
65,989,45172
65,989,491672
66,102,1181069
66,102,154977
66,107,612981
66,110,219642
66,110,769712
66,176,1145152
66,19,1580079
66,203,1050135
66,203,1435586
66,203,294168
66,203,305575
66,203,596318
66,203,634831
66,218,118027
66,218,406166
66,25,808219
66,285,1276811
66,285,586649
66,285,814989
66,288,468069
66,288,679572
66,303,26523
66,311,255249
66,311,373634
66,311,488006
66,311,522162
66,326,471231
66,330,221597
66,342,868820
66,362,1143893
66,37,1304990
66,37,154214
66,388,1213614
66,388,1408780
66,388,209893
66,388,505384
66,388,669503
66,402,609134
66,428,1289049
66,428,1491823
66,428,693233
66,428,704209
66,428,748229
66,428,773472
66,428,832947
66,428,973600
66,459,339879
66,467,179031
66,504,1072043
66,505,93949
66,510,1279987
66,513,1056151
66,513,1165851
66,513,146185
66,513,693891
66,513,698689
66,513,992989
66,518,503063
66,523,549541
66,524,377416
66,526,1365325
66,535,768736
66,590,507948
66,60,41306
66,637,751874
66,641,842337
66,643,1572659
66,65,902230
66,650,1293507
66,650,1510001
66,650,1568508
66,650,326217
66,650,662382
66,650,857086
66,650,887182
66,662,1124001
66,662,21497
66,685,550666
66,695,1003727
66,695,105259
66,695,1060114
66,695,1231452
66,695,1591124
66,695,32726
66,695,393401
66,695,661752
66,695,749420
66,695,817510
66,7,922995
66,704,960275
66,728,800651
66,75,755988
66,757,154180
66,767,810201
66,773,1059418
66,773,106840
66,773,1172588
66,773,1234699
66,773,1342903
66,773,1446657
66,773,1530880
66,773,1534476
66,773,1605936
66,773,367113
66,773,404082
66,773,450210
66,773,56431
66,773,734581
66,773,899116
66,780,1315997
66,780,27047
66,780,272331
66,780,343052
66,790,321597
66,793,1009101
66,805,1423960
66,832,1430477
66,832,417324
66,836,1217358
66,836,1359898
66,836,760446
66,837,424520
66,844,1600179
66,85,230973
66,855,1262524
66,855,1467048
66,855,662648
66,895,851689
66,906,1493171
66,912,1398679
66,916,783368
66,916,948547
66,940,1134289
66,95,827523
66,95,99270
66,951,892600
66,959,465549
66,974,1468927
66,974,392406
66,987,1449110
66,987,1541908
66,987,171931
66,987,206344
66,987,378909
67,195,685053
67,517,1241421
68,119,144629
68,127,1131207
68,132,1200563
68,152,1026527
68,166,1610817
68,166,259625
68,166,366692
68,166,787026
68,199,581312
68,201,423771
68,203,1574211
68,203,469089
68,204,540373
68,205,1027140
68,205,566151
68,218,1023310
68,218,109200
68,23,1604426
68,23,190210
68,237,838812
68,237,932308
68,244,228816
68,246,1089721
68,246,81256
68,249,1052134
68,249,547305
68,249,584289
68,250,947906
68,260,1371343
68,266,250637
68,266,295237
68,266,666013
68,274,1302381
68,278,1144935
68,285,112125
68,285,1186705
68,285,1218758
68,285,1382236
68,285,698940
68,285,97591
68,288,1632202
68,288,175369
68,288,897893
68,290,598768
68,303,896757
68,312,662106
68,312,991259
68,339,1548866
68,36,1127207
68,362,118474
68,362,1511642
68,362,569831
68,368,1372518
68,368,29994
68,369,1432067
68,446,1061829
68,446,1253042
68,446,777011
68,459,323235
68,470,1380358
68,506,70275
68,506,857688
68,513,1453994
68,513,221808
68,513,70607
68,517,103845
68,517,614832
68,517,861508
68,517,865697
68,519,221602
68,535,593765
68,545,82626
68,577,7843
68,587,275326
68,596,1227000
68,607,815111
68,616,1196536
68,616,1403459
68,637,1084106
68,637,1112598
68,637,1126269
68,637,1155646
68,637,1169080
68,637,1254916
68,637,1290401
68,637,1408573
68,637,1411665
68,637,146288
68,637,1550850
68,637,1598015
68,637,319584
68,637,370731
68,637,399447
68,637,655882
68,637,83295
68,647,1057722
68,652,526841
68,659,673268
68,662,1268019
68,662,1409639
68,662,756426
68,679,493329
68,68,40853
68,688,1361733
68,724,645981
68,734,1101177
68,757,1392074
68,757,580827
68,771,1621538
68,771,321657
68,771,706862
68,78,274149
68,78,786380
68,805,341798
68,82,232000
68,82,307629
68,82,308754
68,837,1489829
68,854,646206
68,880,1021262
68,885,1318087
68,885,883844
68,903,1170433
68,903,663942
68,906,1178013
68,906,536528
68,908,1305838
68,908,746057
68,922,110201
68,929,414608
68,940,1288769
68,940,21525
68,940,747672
68,942,229695
68,942,288331
68,942,564225
68,944,287156
68,972,1381498
68,972,459720
69,136,1251128
69,285,252121
69,285,296828
69,285,943981
69,360,1026162
69,360,760029
69,478,1376412
69,63,1607767
69,650,1501221
69,650,237985
69,650,556964
69,895,650073
69,912,943988
7,1001,1028829
7,1001,644774
7,102,1000050
7,104,1155734
7,104,1187227
7,104,1237324
7,104,1378159
7,104,1420192
7,104,1609446
7,104,1623313
7,104,254074
7,104,261838
7,104,335938
7,104,596320
7,104,847676
7,104,893853
7,104,92243
7,110,100167
7,110,1595685
7,114,843732
7,118,554963
7,135,213757
7,136,1115355
7,150,1087573
7,175,57165
7,197,6089
7,201,1310333
7,201,303429
7,201,775191
7,201,829136
7,203,1082488
7,203,167907
7,203,901789
7,204,1177414
7,204,60775
7,234,686829
7,236,313896
7,247,221738
7,253,314592
7,285,160496
7,29,1412856
7,303,1394876
7,349,608572
7,35,438449
7,37,1094374
7,37,332497
7,384,1425677
7,399,1512048
7,477,963462
7,498,540328
7,56,112202
7,560,384952
7,625,1291781
7,626,386485
7,695,1013267
7,695,1416738
7,695,1424192
7,695,1506628
7,695,15070
7,695,319654
7,695,636001
7,695,7013
7,695,739202
7,695,991349
7,706,1173856
7,738,757302
7,761,1541115
7,761,248932
7,8,698287
7,8,729186
7,811,1439334
7,83,1554819
7,83,507233
7,836,1162923
7,837,466158
7,847,1025701
7,847,1028858
7,847,1148960
7,847,1406508
7,891,877860
7,940,1143217
7,940,1569674
7,942,1396886
7,942,239937
7,946,1530608
7,95,1142154
7,95,86417
7,970,1528539
7,973,440778
7,977,1153887
7,977,1348129
7,977,636904
7,983,107186
7,987,1054401
7,987,146638
7,999,173645
70,102,1006708
70,102,1057856
70,102,1061352
70,102,1098464
70,102,132458
70,102,1415466
70,102,1422290
70,102,145452
70,102,1459914
70,102,1479059
70,102,1480205
70,102,1484864
70,102,1509509
70,102,1554486
70,102,1569417
70,102,1615592
70,102,320863
70,102,322199
70,102,335172
70,102,356995
70,102,381565
70,102,44837
70,102,463568
70,102,470038
70,102,500295
70,102,521763
70,102,530966
70,102,639309
70,102,659400
70,102,669755
70,102,71176
70,102,732207
70,102,751916
70,124,1473550
70,203,1012873
70,203,1093709
70,203,1148353
70,203,1198566
70,203,1442024
70,203,236091
70,203,23788
70,203,278118
70,203,495737
70,203,698016
70,203,785688
70,203,917408
70,203,989029
70,203,998691
70,218,316281
70,23,1333047
70,256,222868
70,256,479483
70,270,1265219
70,285,1400783
70,285,22951
70,285,382175
70,285,420290
70,320,1065824
70,37,116763
70,37,1408793
70,37,1487977
70,37,182335
70,37,233194
70,37,254157
70,37,287009
70,37,338556
70,37,382746
70,37,428957
70,37,586702
70,37,761960
70,37,77701
70,37,861552
70,37,885101
70,393,1135096
70,393,1433761
70,393,1475890
70,393,1537240
70,393,1571915
70,393,369782
70,393,507988
70,393,652061
70,393,714271
70,422,1457562
70,432,1148620
70,432,1296778
70,432,1433252
70,432,144063
70,432,1456150
70,432,223533
70,432,283461
70,432,306156
70,432,64479
70,497,1474980
70,497,1534475
70,497,1541310
70,516,290346
70,517,1058064
70,517,135293
70,517,1406551
70,517,353067
70,517,360145
70,517,476668
70,517,905544
70,535,1440810
70,535,256047
70,542,1202417
70,542,1428877
70,542,330105
70,542,337575
70,542,72303
70,671,1337490
70,671,1360914
70,671,659704
70,774,110458
70,811,1062474
70,933,1231852
70,979,113583
71,122,202814
71,122,43386
71,168,65717
71,29,1364488
71,429,1336674
71,429,1452667
71,429,864696
71,459,1019598
71,459,1054767
71,459,1116104
71,459,1420769
71,459,1564294
71,459,34228
71,459,485565
71,459,979702
71,517,1183519
71,517,1311235
71,517,1561696
71,517,263607
71,517,629202
71,517,804833
71,522,1200541
71,522,243368
71,631,504350
71,633,1049222
71,633,1498424
71,637,240388
71,688,244474
71,823,1512851
71,923,405839
71,923,662133
71,957,228132
71,999,1187266
71,999,74416
71,999,752276
72,37,837171
72,374,579351
72,484,739953
72,870,442306
72,932,687718
72,932,7596
73,160,749733
73,368,100653
73,368,1536696
73,637,1119873
73,637,1435579
73,637,1501712
73,637,1554271
73,637,301790
73,637,573906
73,637,672261
73,64,1239567
73,695,547733
74,228,923414
74,349,1331058
74,349,322854
74,349,609212
74,379,1189729
74,504,1043292
74,504,1369415
74,504,1548368
74,504,681490
74,504,827165
74,504,83096
74,551,185613
74,609,884936
74,832,310873
74,875,561667
75,201,565041
75,217,107034
75,247,794177
75,29,1443027
75,323,1066820
75,426,1527498
75,550,263185
75,57,1383659
75,600,484108
75,785,1156397
75,912,1552834
75,994,873012
76,113,1509512
76,136,770027
76,14,183468
76,182,1408579
76,203,187027
76,203,265995
76,23,39457
76,230,1614334
76,230,423046
76,24,1157799
76,279,348123
76,279,775308
76,285,1088221
76,288,456196
76,307,229670
76,312,431454
76,346,1397978
76,357,1054864
76,362,1499824
76,401,619459
76,408,729207
76,408,730478
76,426,383009
76,441,1398032
76,444,1532241
76,459,1500687
76,501,1546684
76,550,104303
76,550,1455074
76,568,1357394
76,598,253981
76,625,1590488
76,626,58039
76,645,1244066
76,645,197383
76,660,14481
76,662,182307
76,71,160376
76,810,851310
76,823,1483782
76,837,175787
76,949,448018
77,110,1113084
77,110,564956
77,230,1072152
77,312,402412
77,363,773895
77,37,1503539
77,37,457410
77,397,885322
77,489,745894
77,49,855934
77,504,1229226
77,504,515517
77,596,1140032
77,596,1513896
77,596,596380
77,596,706301
77,639,1536770
77,817,712571
77,835,940674
77,978,209504
78,159,1160040
78,159,705650
78,180,220520
78,203,20703
78,203,959003
78,285,1303854
78,285,647471
78,358,1396333
78,368,759993
78,37,1468191
78,517,1089738
78,517,646468
78,517,69217
78,542,135881
78,582,276196
78,596,1589773
78,632,1058661
78,632,1116933
78,637,1336598
78,637,1527629
78,637,927807
78,688,1507066
78,688,1560501
78,688,341864
78,70,548499
78,811,772890
78,874,1342223
78,975,600902
79,100,124711
79,104,1167187
79,104,1556300
79,104,311300
79,104,589408
79,126,1054003
79,135,903749
79,150,1062122
79,17,1241559
79,17,210503
79,172,1376456
79,172,624879
79,172,72159
79,2,459308
79,204,241329
79,247,315554
79,285,100013
79,3,115906
79,3,1570284
79,3,340472
79,317,699636
79,368,1037144
79,368,968929
79,378,1501744
79,394,1094565
79,429,125883
79,440,690146
79,441,163851
79,459,1347212
79,555,728088
79,560,466462
79,637,1205084
79,637,340160
79,688,515215
79,695,1537580
79,711,303190
79,740,1541089
79,750,1391618
79,761,202400
79,761,631087
79,761,948190
79,782,274959
79,788,649062
79,796,1412072
79,805,1037740
79,806,1262905
79,837,1294441
79,837,602560
79,844,1536738
79,906,1272103
79,909,216309
79,942,1395584
79,942,616427
8,637,1415911
8,637,1452476
8,637,422060
8,637,914060
80,137,1435152
80,362,527113
80,540,1088460
80,594,468686
80,794,1284421
80,881,1004790
80,881,1135352
80,881,1199595
80,939,1002237
81,120,1004783
81,120,1418986
81,120,349270
81,120,693908
81,136,617173
81,152,1053929
81,152,1349167
81,164,1446503
81,164,1595520
81,201,1294380
81,203,1290126
81,203,1340480
81,203,661056
81,212,1377652
81,224,1183679
81,239,765408
81,246,1312358
81,279,1341217
81,279,956182
81,279,985936
81,279,988128
81,285,1378400
81,285,746574
81,316,783967
81,356,1629459
81,367,46652
81,37,1366858
81,37,1452060
81,37,281863
81,37,288995
81,37,562951
81,37,773968
81,37,842737
81,370,368496
81,38,1439905
81,41,1279148
81,41,1467217
81,459,1085532
81,459,1296244
81,459,1320918
81,459,1506961
81,459,1516969
81,459,1539708
81,459,18123
81,459,184839
81,459,533134
81,459,54807
81,459,793947
81,459,846223
81,46,1244429
81,46,1319144
81,46,1520734
81,46,693224
81,46,728084
81,46,858090
81,46,919814
81,46,976910
81,480,1157246
81,490,1406486
81,506,692513
81,535,915571
81,588,766426
81,591,1169031
81,591,131271
81,591,1483621
81,591,1494616
81,591,1572915
81,591,190889
81,591,459168
81,591,506724
81,591,939610
81,596,57648
81,598,1219508
81,598,1517819
81,622,231940
81,628,1174865
81,628,1302680
81,628,1369865
81,645,141401
81,687,184688
81,691,264183
81,709,647099
81,771,1070493
81,782,1114731
81,782,1150215
81,782,1430302
81,782,184166
81,782,253834
81,782,416750
81,782,547604
81,782,648479
81,782,722179
81,782,811764
81,80,907891
81,809,1304225
81,81,1512801
81,819,885988
81,856,508936
81,878,136049
81,880,610064
81,900,1334005
81,900,518164
81,900,878478
81,913,1186891
81,920,1111293
81,926,877806
81,940,1146352
81,940,1598105
81,940,229970
81,940,249295
81,940,889594
81,942,261153
81,942,618056
81,947,910332
81,999,1589799
82,136,383957
82,191,1000852
82,191,1089704
82,191,1092910
82,191,1331245
82,191,90823
82,201,1109704
82,241,1135457
82,265,1423336
82,267,1019756
82,267,1555466
82,288,843743
82,312,1614110
82,325,535597
82,362,656721
82,375,108807
82,375,492850
82,418,655348
82,485,1607017
82,504,1083926
82,504,1401550
82,504,32036
82,504,365148
82,504,509770
82,504,689757
82,504,697887
82,535,136944
82,550,454700
82,551,1231102
82,551,1279218
82,551,1583903
82,551,435893
82,551,716829
82,551,806252
82,551,892849
82,555,898755
82,596,1390236
82,609,1036822
82,609,1363672
82,619,1214787
82,619,1434899
82,638,516899
82,650,523069
82,650,584985
82,723,1319353
82,754,630027
82,789,1457625
82,838,1415693
82,844,159220
82,868,843691
82,900,1465553
82,900,878754
82,906,1034266
82,908,23631
82,916,249605
82,942,1351537
82,942,1520966
82,942,200414
82,942,215844
82,942,280582
82,942,353889
82,942,522769
82,942,723522
82,942,836741
82,961,1162554
82,961,891751
82,98,1456326
82,987,1060392
82,987,1303717
82,987,277275
82,987,38083
82,987,490618
82,987,612914
82,987,624785
82,987,701037
82,987,781418
83,100,240939
83,127,114556
83,127,1147101
83,127,1323687
83,127,1522367
83,127,180816
83,127,223126
83,127,272022
83,127,462895
83,127,835783
83,208,868144
83,415,1425747
83,90,1064755
83,90,1104026
83,90,1308022
83,90,180930
83,90,69910
83,90,703994
83,90,719672
83,90,720431
83,90,916058
83,927,1034327
83,927,1255714
83,927,1283138
83,927,1329067
83,927,1332794
83,927,22926
83,927,283685
83,927,493101
83,927,556869
83,927,957469
83,963,1271586
84,102,1109132
84,102,1505042
84,147,1583997
84,166,850790
84,201,256893
84,201,961932
84,203,1149904
84,218,176955
84,220,603965
84,222,1633523
84,223,1173131
84,23,715857
84,246,1246915
84,25,1365805
84,251,1550511
84,251,285541
84,251,366488
84,263,486401
84,266,1355428
84,29,14941
84,29,782307
84,29,880942
84,303,474658
84,333,159407
84,34,305708
84,362,890558
84,362,981131
84,368,697521
84,374,1452755
84,374,304410
84,374,815945
84,374,887975
84,374,89858
84,404,1514077
84,421,1357633
84,441,1367640
84,441,1548352
84,506,877636
84,513,10855
84,513,1420798
84,513,1456172
84,513,801043
84,517,562279
84,517,6701
84,517,67987
84,535,1150616
84,535,1445599
84,566,170237
84,571,306165
84,579,896118
84,585,1383313
84,585,1584546
84,585,167891
84,585,22444
84,589,63236
84,630,409135
84,630,686826
84,630,792215
84,630,815050
84,65,28023
84,65,292649
84,65,653873
84,65,670435
84,650,112758
84,650,393586
84,650,402283
84,650,49929
84,650,926587
84,650,933224
84,662,832199
84,663,291135
84,667,1065030
84,757,1234575
84,78,708348
84,78,780379
84,78,948344
84,790,109292
84,82,1096780
84,837,1580587
84,837,563913
84,837,75697
84,908,78845
84,911,759610
84,914,202285
84,92,1354222
84,940,1384184
84,987,1089189
84,987,215601
84,987,554103
85,119,552670
85,125,610242
85,150,136743
85,152,1387977
85,190,1539209
85,203,1526480
85,23,437741
85,249,163249
85,249,254220
85,278,450884
85,285,366829
85,285,530325
85,305,1516024
85,305,280162
85,314,1344521
85,368,1151399
85,37,595530
85,555,1065278
85,608,1146181
85,613,775852
85,616,743056
85,663,92804
85,719,892863
85,757,1338415
85,771,1242179
85,791,832894
85,831,1495387
85,971,442011
85,995,1178447
85,995,52050
85,996,708117
86,160,1278191
86,191,552698
86,246,1435323
86,246,1574956
86,246,45093
86,414,1340793
86,414,619247
86,449,833204
86,456,1132702
86,456,1595481
86,456,533292
86,456,774067
86,456,798418
86,504,492728
86,637,992068
86,695,816376
86,739,1485375
86,91,1230921
86,91,465660
87,191,240477
87,544,558004
87,987,908963
88,14,389409
88,230,634408
88,59,671358
88,650,836012
88,855,1631638
88,940,1184994
88,940,196357
89,258,751600
89,312,561951
89,331,924382
89,37,1300581
89,37,454879
89,459,1086266
89,645,90411
9,136,862490
9,176,449520
9,176,948460
9,201,1205663
9,203,411967
9,218,1263734
9,251,613339
9,288,822979
9,29,1135473
9,29,1149066
9,29,746539
9,298,424875
9,45,805174
9,455,804866
9,513,535977
9,535,504410
9,55,260582
9,560,830844
9,613,400259
9,650,1071407
9,650,436390
9,650,94556
9,715,1274701
9,786,1222062
9,900,1351908
9,930,801295
90,1000,1524549
90,136,115218
90,136,1218361
90,136,743144
90,136,778606
90,136,881719
90,136,926148
90,136,998926
90,144,1058686
90,144,308494
90,144,491170
90,147,536682
90,180,1266544
90,23,1119796
90,23,57343
90,23,675010
90,254,1427197
90,254,342754
90,285,134993
90,285,1552616
90,285,201183
90,285,271839
90,285,417049
90,285,817159
90,288,1414768
90,288,1545850
90,288,561625
90,288,591003
90,303,1130866
90,312,1213851
90,312,403340
90,312,938156
90,322,568211
90,328,1262480
90,328,1332087
90,328,783267
90,335,4237
90,338,1066918
90,4,1483292
90,4,403549
90,441,1269655
90,488,1384111
90,513,1091933
90,513,557895
90,513,726285
90,533,743359
90,574,1527877
90,596,1105205
90,596,114678
90,596,1193479
90,596,1311486
90,596,436988
90,606,376144
90,606,403645
90,606,765756
90,616,1257253
90,637,1137748
90,637,1228114
90,645,1187848
90,650,1344119
90,650,155968
90,685,967507
90,686,173344
90,696,110489
90,696,1192474
90,696,1567219
90,696,732440
90,727,1247342
90,773,1222812
90,773,1394403
90,773,402416
90,773,7956
90,773,86299
90,799,132012
90,799,465910
90,799,858487
90,82,707451
90,832,1248168
90,837,1241518
90,837,1430349
90,846,370232
90,85,712639
90,855,1255311
90,855,750060
90,861,1288827
90,895,1038095
90,895,314926
90,895,954259
90,912,1093751
90,912,1307847
90,912,1466751
90,912,481910
90,917,819755
90,935,1519778
90,987,483991
90,987,507719
